DATE,NAV (USD),CASH INJECTION,DAILY P&L,Daily Return,Weekly P&L,Weekly Return,MTD Change,MTD %,Cal,LTD ROR%,YTD Change,YTD ROR%,Annualised Return,Annualised Volatility,30 Days P&L,30 Days Return,90 Days P&L,90 Days Return,252 Days P&L,252 Days Return,Sharpe Ratio,Sortino Ratio,Value at Risk 95%(30days),Value at Risk 95%(90days),Value at Risk 95%(252days),Value at Risk 99%(252days),CAGR,Excess Return,Negative Excess Returns,Square of (Negative Excess Returns),Trailing 252D Sharpe,Trailing 252D Sortino,Trailing 252D Annualised Return,Trailing 252D Annualised Volatility
2020-07-01,8106215.13,0.0,-23460.98,-0.29,-23460.98,-0.29,-23460.98,-0.29,1.0,-0.29,-23460.98,-0.29,-73.08,,-23460.98,-0.29,-23460.98,-0.29,-23460.98,-0.29,,-15.87,0.0,0.0,0.0,0.0,-51.9,-0.31,-0.31,0.0,,-15.87,-73.08,
2020-07-02,8174039.77,0.0,67824.64,0.84,44363.66,0.54,44363.66,0.54,1.01,0.54,44363.66,0.54,68.88,12.65,44363.66,0.54,44363.66,0.54,44363.66,0.54,5.09,18.63,0.0,0.0,0.0,0.0,98.16,0.82,0.0,0.0,5.09,18.63,68.88,0.13
2020-07-06,8297117.32,0.0,123077.55,1.51,123077.55,1.51,167441.21,2.06,1.02,2.06,167441.21,2.06,172.4,14.41,167441.21,2.06,167441.21,2.06,167441.21,2.06,11.65,59.51,0.0,0.0,0.0,0.0,453.63,1.49,0.0,0.0,11.65,59.51,172.4,0.14
2020-07-07,8333268.55,0.0,36151.23,0.44,159228.78,1.95,203592.44,2.5,1.03,2.5,203592.44,2.5,156.75,11.93,203592.44,2.5,203592.44,2.5,203592.44,2.5,12.77,62.31,0.0,0.0,0.0,0.0,374.64,0.42,0.0,0.0,12.77,62.31,156.75,0.12
2020-07-08,8402868.61,0.0,69600.06,0.84,228828.84,2.8,273192.5,3.36,1.03,3.36,273192.5,3.36,167.5,10.44,273192.5,3.36,273192.5,3.36,273192.5,3.36,15.61,74.58,0.0,0.0,0.0,0.0,428.62,0.82,0.0,0.0,15.61,74.58,167.5,0.1
2020-07-09,8486246.53,0.0,83377.92,0.99,312206.76,3.82,356570.42,4.38,1.04,4.38,356570.42,4.38,181.25,9.58,356570.42,4.38,356570.42,4.38,356570.42,4.38,18.46,88.59,0.0,0.0,0.0,0.0,506.35,0.97,0.0,0.0,18.46,88.59,181.25,0.1
2020-07-13,8403900.18,0.0,-82346.35,-0.97,-82346.35,-0.97,274224.07,3.37,1.03,3.37,274224.07,3.37,120.43,13.39,274224.07,3.37,274224.07,3.37,274224.07,3.37,8.66,18.67,-0.01,-0.01,-0.01,-0.01,229.95,-0.99,-0.99,0.0,8.66,18.67,120.43,0.13
2020-07-14,8483233.34,0.0,79333.16,0.94,-3013.19,-0.04,353557.23,4.35,1.04,4.35,353557.23,4.35,135.11,12.67,353557.23,4.35,353557.23,4.35,353557.23,4.35,10.31,22.48,-0.01,-0.01,-0.01,-0.01,282.11,0.93,0.0,0.0,10.31,22.48,135.11,0.13
2020-07-15,8478930.91,0.0,-4302.43,-0.05,-7315.62,-0.09,349254.8,4.29,1.04,4.29,349254.8,4.29,118.68,12.25,349254.8,4.29,349254.8,4.29,349254.8,4.29,9.32,20.8,-0.01,-0.01,-0.01,-0.01,224.58,-0.07,-0.07,0.0,9.32,20.8,118.68,0.12
2020-07-16,8434812.8,0.0,-44118.11,-0.52,-51433.73,-0.61,305136.69,3.75,1.04,3.75,305136.69,3.75,93.7,12.57,305136.69,3.75,305136.69,3.75,305136.69,3.75,7.09,15.2,-0.01,-0.01,-0.01,-0.01,152.99,-0.54,-0.54,0.0,7.09,15.2,93.7,0.13
2020-07-17,8475481.76,0.0,40668.96,0.48,-10764.77,-0.13,345805.65,4.25,1.04,4.25,345805.65,4.25,96.23,11.94,345805.65,4.25,345805.65,4.25,345805.65,4.25,7.68,16.4,-0.01,-0.01,-0.01,-0.01,159.6,0.46,0.0,0.0,7.68,16.4,96.23,0.12
2020-07-20,7795603.86,-800000.0,120122.1,1.42,120122.1,1.42,465927.75,5.73,1.06,5.73,465927.75,5.73,117.97,12.33,465927.75,5.73,465927.75,5.73,465927.75,5.73,9.2,21.19,-0.01,-0.01,-0.01,-0.01,222.21,1.4,0.0,0.0,9.2,21.19,117.97,0.12
2020-07-21,7768360.51,0.0,-27243.35,-0.35,92878.75,1.06,438684.4,5.36,1.05,5.36,438684.4,5.36,102.12,12.35,438684.4,5.36,438684.4,5.36,438684.4,5.36,7.91,18.1,-0.01,-0.01,-0.01,-0.01,175.15,-0.37,-0.37,0.0,7.91,18.1,102.12,0.12
2020-07-22,7803379.34,0.0,35018.83,0.45,127897.58,1.52,473703.23,5.84,1.06,5.84,473703.23,5.84,102.94,11.86,473703.23,5.84,473703.23,5.84,473703.23,5.84,8.3,18.94,-0.01,-0.01,-0.01,-0.01,177.55,0.43,0.0,0.0,8.3,18.94,102.94,0.12
2020-07-23,7757505.18,0.0,-45874.16,-0.59,82023.42,0.92,427829.07,5.21,1.05,5.21,427829.07,5.21,86.2,12.14,427829.07,5.21,427829.07,5.21,427829.07,5.21,6.73,14.59,-0.01,-0.01,-0.01,-0.01,134.84,-0.61,-0.61,0.0,6.73,14.59,86.2,0.12
2020-07-24,7718042.96,0.0,-39462.22,-0.51,42561.2,0.41,388366.85,4.68,1.05,4.68,388366.85,4.68,72.8,12.2,388366.85,4.68,388366.85,4.68,388366.85,4.68,5.6,11.75,-0.01,-0.01,-0.01,-0.01,105.45,-0.53,-0.53,0.0,5.6,11.75,72.8,0.12
2020-07-27,7848768.48,0.0,130725.52,1.69,130725.52,1.69,519092.37,6.45,1.06,6.45,519092.37,6.45,93.63,13.0,519092.37,6.45,519092.37,6.45,519092.37,6.45,6.86,15.81,-0.01,-0.01,-0.01,-0.01,152.6,1.68,0.0,0.0,6.86,15.81,93.63,0.13
2020-07-28,7829336.33,0.0,-19432.15,-0.25,111293.37,1.44,499660.22,6.19,1.06,6.19,499660.22,6.19,84.96,12.82,499660.22,6.19,499660.22,6.19,499660.22,6.19,6.28,14.45,-0.01,-0.01,-0.01,-0.01,131.75,-0.27,-0.27,0.0,6.28,14.45,84.96,0.13
2020-07-29,7899344.17,0.0,70007.84,0.89,181301.21,2.35,569668.06,7.14,1.07,7.14,569668.06,7.14,92.35,12.62,569668.06,7.14,569668.06,7.14,569668.06,7.14,6.96,16.21,-0.01,-0.01,-0.01,-0.01,149.5,0.88,0.0,0.0,6.96,16.21,92.35,0.13
2020-07-31,8019590.3,0.0,120246.13,1.52,301547.34,3.91,689914.19,8.77,1.09,8.77,689914.19,8.77,106.91,12.95,689914.19,8.77,689914.19,8.77,689914.19,8.77,7.91,19.38,-0.01,-0.01,-0.01,-0.01,188.33,1.5,0.0,0.0,7.91,19.38,106.91,0.13
2020-08-03,8080929.48,0.0,61339.18,0.76,61339.18,0.76,61339.18,0.76,1.1,9.6,751253.37,9.6,111.0,12.68,751253.37,9.6,751253.37,9.6,751253.37,9.6,8.4,20.66,-0.01,-0.01,-0.01,-0.01,200.4,0.75,0.0,0.0,8.4,20.66,111.0,0.13
2020-08-04,8290234.0,0.0,209304.52,2.59,270643.7,3.37,270643.7,3.37,1.12,12.44,960557.89,12.44,135.62,14.35,960557.89,12.44,960557.89,12.44,960557.89,12.44,9.14,26.03,-0.01,-0.01,-0.01,-0.01,283.0,2.57,0.0,0.0,9.14,26.03,135.62,0.14
2020-08-05,8397007.3,0.0,106773.3,1.29,377417.0,4.71,377417.0,4.71,1.14,13.89,1067331.19,13.89,143.84,14.24,1067331.19,13.89,1067331.19,13.89,1067331.19,13.89,9.78,28.28,-0.01,-0.01,-0.01,-0.01,315.66,1.27,0.0,0.0,9.78,28.28,143.84,0.14
2020-08-06,8505200.13,0.0,108192.83,1.29,485609.83,6.06,485609.83,6.06,1.15,15.35,1175524.02,15.35,151.37,14.12,1175524.02,15.35,1175524.02,15.35,1175524.02,15.35,10.4,30.45,-0.01,-0.01,-0.01,-0.01,348.06,1.27,0.0,0.0,10.4,30.45,151.37,0.14
2020-08-07,8196625.5,0.0,-308574.63,-3.63,177035.2,2.21,177035.2,2.21,1.11,11.17,866949.39,11.17,108.75,19.27,866949.39,11.17,866949.39,11.17,866949.39,11.17,5.41,8.34,-0.01,-0.01,-0.01,-0.03,190.74,-3.65,-3.65,0.0,5.41,8.34,108.75,0.19
2020-08-10,7879783.94,0.0,-316841.56,-3.87,-316841.56,-3.87,-139806.36,-1.74,1.07,6.87,550107.83,6.87,67.1,23.14,550107.83,6.87,550107.83,6.87,550107.83,6.87,2.71,3.64,-0.03,-0.03,-0.03,-0.04,90.43,-3.88,-3.88,0.0,2.71,3.64,67.1,0.23
2020-08-11,7384368.18,0.0,-495415.76,-6.29,-812257.32,-9.91,-635222.12,-7.92,1.0,0.15,54692.07,0.15,5.93,30.26,54692.07,0.15,54692.07,0.15,54692.07,0.15,0.05,0.06,-0.04,-0.04,-0.04,-0.06,1.43,-6.31,-6.31,0.0,0.05,0.06,5.93,0.3
2020-08-12,7585400.9,0.0,201032.72,2.72,-611224.6,-7.46,-434189.4,-5.41,1.03,2.88,255724.79,2.88,30.22,30.78,255724.79,2.88,255724.79,2.88,255724.79,2.88,0.84,1.02,-0.04,-0.04,-0.04,-0.06,29.1,2.7,0.0,0.0,0.84,1.02,30.22,0.31
2020-08-13,7631434.28,0.0,46033.38,0.61,-565191.22,-6.9,-388156.02,-4.84,1.04,3.5,301758.17,3.5,34.45,30.26,301758.17,3.5,301758.17,3.5,301758.17,3.5,0.99,1.21,-0.04,-0.04,-0.04,-0.06,34.88,0.59,0.0,0.0,0.99,1.21,34.45,0.3
2020-08-14,7623006.29,0.0,-8427.99,-0.11,-573619.21,-7.0,-396584.01,-4.95,1.03,3.39,293330.18,3.39,32.38,29.74,293330.18,3.39,293330.18,3.39,293330.18,3.39,0.94,1.15,-0.04,-0.04,-0.04,-0.06,32.31,-0.13,-0.13,0.0,0.94,1.15,32.38,0.3
2020-08-17,7922402.46,0.0,299396.17,3.93,299396.17,3.93,-97187.84,-1.21,1.07,7.45,592726.35,7.45,63.26,31.18,616187.33,7.76,592726.35,7.45,592726.35,7.45,1.88,2.46,-0.04,-0.04,-0.04,-0.06,79.33,3.91,0.0,0.0,1.88,2.46,63.26,0.31
2020-08-18,8026372.07,0.0,103969.61,1.31,403365.78,5.29,6781.77,0.08,1.09,8.86,696695.96,8.86,71.62,30.82,652332.3,8.27,696695.96,8.86,696695.96,8.86,2.18,2.85,-0.04,-0.04,-0.04,-0.06,95.13,1.29,0.0,0.0,2.18,2.85,71.62,0.31
2020-08-19,7968227.03,0.0,-58145.04,-0.72,345220.74,4.53,-51363.27,-0.64,1.08,8.07,638550.92,8.07,63.92,30.46,471109.71,5.89,638550.92,8.07,638550.92,8.07,1.95,2.55,-0.04,-0.04,-0.04,-0.06,80.89,-0.74,-0.74,0.0,1.95,2.55,63.92,0.3
2020-08-20,8052421.72,0.0,84194.69,1.06,429415.43,5.63,32831.42,0.41,1.09,9.21,722745.61,9.21,69.87,30.08,519153.17,6.55,722745.61,9.21,722745.61,9.21,2.17,2.85,-0.04,-0.04,-0.04,-0.05,92.17,1.04,0.0,0.0,2.17,2.85,69.87,0.3
2020-08-21,8064757.27,0.0,12335.55,0.15,441750.98,5.79,45166.97,0.56,1.09,9.38,735081.16,9.38,68.97,29.63,461888.66,5.83,735081.16,9.38,735081.16,9.38,2.18,2.85,-0.04,-0.04,-0.04,-0.05,90.7,0.14,0.0,0.0,2.18,2.85,68.97,0.3
2020-08-24,7969847.14,0.0,-94910.13,-1.18,-94910.13,-1.18,-49743.16,-0.62,1.08,8.09,640171.03,8.09,58.82,29.46,283600.61,3.55,640171.03,8.09,640171.03,8.09,1.84,2.41,-0.04,-0.04,-0.04,-0.05,72.42,-1.19,-1.19,0.0,1.84,2.41,58.82,0.29
2020-08-25,7944035.39,0.0,-25811.75,-0.32,-120721.88,-1.5,-75554.91,-0.94,1.08,7.74,614359.28,7.74,55.02,29.08,340135.21,4.23,614359.28,7.74,614359.28,7.74,1.74,2.27,-0.04,-0.04,-0.04,-0.05,66.18,-0.34,-0.34,0.0,1.74,2.27,55.02,0.29
2020-08-26,8076657.24,0.0,132621.85,1.67,11899.97,0.15,57066.94,0.71,1.1,9.54,746981.13,9.54,64.65,28.93,393423.9,4.98,746981.13,9.54,746981.13,9.54,2.08,2.74,-0.04,-0.04,-0.04,-0.05,83.01,1.65,0.0,0.0,2.08,2.74,64.65,0.29
2020-08-27,7838486.27,0.0,-238170.97,-2.95,-226271.0,-2.81,-181104.03,-2.26,1.06,6.31,508810.16,6.31,43.94,29.69,159555.36,1.93,508810.16,6.31,508810.16,6.31,1.33,1.72,-0.04,-0.04,-0.04,-0.05,48.51,-2.97,-2.97,0.0,1.33,1.72,43.94,0.3
2020-08-28,7851846.39,0.0,13360.12,0.17,-212910.88,-2.64,-167743.91,-2.09,1.06,6.49,522170.28,6.49,43.91,29.3,217033.59,2.64,522170.28,6.49,522170.28,6.49,1.34,1.74,-0.04,-0.04,-0.04,-0.05,48.63,0.15,0.0,0.0,1.34,1.74,43.91,0.29
2020-08-31,8142193.1,0.0,290346.71,3.7,290346.71,3.7,122602.8,1.53,1.1,10.43,812516.99,10.43,65.57,30.22,466711.34,5.93,812516.99,10.43,812516.99,10.43,2.02,2.73,-0.04,-0.04,-0.04,-0.05,84.01,3.68,0.0,0.0,2.02,2.73,65.57,0.3
2020-09-01,8932854.57,340000.0,450661.47,5.53,741008.18,9.44,450661.47,5.53,1.17,16.54,1263178.46,16.54,97.22,32.53,797250.71,10.23,1263178.46,16.54,1263178.46,16.54,2.85,4.2,-0.04,-0.04,-0.04,-0.05,150.56,5.52,0.0,0.0,2.85,4.2,97.22,0.33
2020-09-02,8942808.35,0.0,9953.78,0.11,750961.96,9.56,460615.25,5.65,1.17,16.67,1273132.24,16.67,95.61,32.15,834447.84,10.74,1273132.24,16.67,1273132.24,16.67,2.83,4.18,-0.04,-0.04,-0.04,-0.05,146.87,0.09,0.0,0.0,2.83,4.18,95.61,0.32
2020-09-03,18349286.78,10000000.0,-593521.57,-6.64,157440.39,2.29,-132906.32,-1.36,1.09,8.93,679610.67,8.93,55.42,35.93,205907.44,2.92,679610.67,8.93,679610.67,8.93,1.42,1.9,-0.05,-0.04,-0.04,-0.06,63.2,-6.65,-6.65,0.0,1.42,1.9,55.42,0.36
2020-09-04,17844069.49,0.0,-505217.29,-2.75,-347776.9,-0.53,-638123.61,-4.08,1.06,5.93,174393.38,5.93,38.77,36.21,-253435.69,0.68,174393.38,5.93,174393.38,5.93,0.95,1.25,-0.05,-0.04,-0.04,-0.06,38.07,-2.77,-2.77,0.0,0.95,1.25,38.77,0.36
2020-09-07,17832817.02,0.0,-11252.47,-0.06,-11252.47,-0.06,-649376.08,-4.14,1.06,5.86,163140.91,5.86,37.59,35.81,-225225.94,1.13,163140.91,5.86,163140.91,5.86,0.92,1.22,-0.05,-0.04,-0.04,-0.06,36.63,-0.08,-0.08,0.0,0.92,1.22,37.59,0.36
2020-09-08,17315845.28,0.0,-516971.74,-2.9,-528224.21,-2.96,-1166347.82,-6.92,1.03,2.79,-353830.83,2.79,21.24,36.12,-872923.2,-3.44,-353830.83,2.79,-353830.83,2.79,0.46,0.61,-0.05,-0.04,-0.04,-0.06,15.92,-2.92,-2.92,0.0,0.46,0.61,21.24,0.36
2020-09-09,17720328.69,0.0,404483.41,2.34,-123740.8,-0.69,-761864.41,-4.74,1.05,5.2,50652.58,5.2,33.06,36.1,-449007.64,-0.93,50652.58,5.2,50652.58,5.2,0.79,1.05,-0.05,-0.04,-0.04,-0.06,30.46,2.32,0.0,0.0,0.79,1.05,33.06,0.36
2020-09-10,17546117.74,0.0,-174210.95,-0.98,-297951.75,-1.67,-936075.36,-5.68,1.04,4.16,-123558.37,4.16,27.33,35.81,-693226.43,-2.78,-123558.37,4.16,-123558.37,4.16,0.64,0.84,-0.05,-0.04,-0.04,-0.06,23.33,-1.0,-1.0,0.0,0.64,0.84,27.33,0.36
2020-09-11,17482798.39,0.0,-63319.35,-0.36,-361271.1,-2.02,-999394.71,-6.02,1.04,3.79,-186877.72,3.79,24.97,35.46,-876791.91,-4.58,-186877.72,3.79,-186877.72,3.79,0.58,0.76,-0.05,-0.04,-0.04,-0.06,20.59,-0.38,-0.38,0.0,0.58,0.76,24.97,0.35
2020-09-14,17776534.52,0.0,293736.13,1.68,293736.13,1.68,-705658.58,-4.44,1.06,5.53,106858.41,5.53,32.78,35.28,-644394.96,-3.71,106858.41,5.53,106858.41,5.53,0.8,1.06,-0.05,-0.04,-0.04,-0.06,30.46,1.66,0.0,0.0,0.8,1.06,32.78,0.35
2020-09-15,17898748.99,0.0,122214.47,0.69,415950.6,2.38,-583444.11,-3.78,1.06,6.25,229072.88,6.25,35.48,34.95,-731485.01,-5.5,229072.88,6.25,229072.88,6.25,0.89,1.18,-0.05,-0.04,-0.04,-0.06,34.18,0.67,0.0,0.0,0.89,1.18,35.48,0.35
2020-09-16,17688459.91,0.0,-210289.08,-1.17,205661.52,1.18,-793733.19,-4.91,1.05,5.01,18783.8,5.01,29.23,34.74,-1048547.39,-7.8,18783.8,5.01,18783.8,5.01,0.71,0.94,-0.05,-0.04,-0.04,-0.06,26.14,-1.19,-1.19,0.0,0.71,0.94,29.23,0.35
2020-09-17,17479823.97,0.0,-208635.94,-1.18,-2974.42,-0.02,-1002369.13,-6.03,1.04,3.77,-189852.14,3.77,23.18,34.52,-1365376.16,-10.04,-189852.14,3.77,-189852.14,3.77,0.54,0.72,-0.05,-0.04,-0.04,-0.06,18.84,-1.2,-1.2,0.0,0.54,0.72,23.18,0.35
2020-09-18,17499641.66,0.0,19817.69,0.11,16843.27,0.1,-982551.44,-5.93,1.04,3.89,-170034.45,3.89,23.28,34.2,-1036983.84,-6.55,-170034.45,3.89,-170034.45,3.89,0.55,0.73,-0.05,-0.04,-0.04,-0.06,19.08,0.1,0.0,0.0,0.55,0.73,23.28,0.34
2020-09-21,17628133.97,0.0,128492.31,0.73,128492.31,0.73,-854059.13,-5.24,1.05,4.65,-41542.14,4.65,26.17,33.91,-591649.97,-2.08,-41542.14,4.65,-41542.14,4.65,0.64,0.85,-0.05,-0.04,-0.04,-0.06,22.68,0.72,0.0,0.0,0.64,0.85,26.17,0.34
2020-09-22,17844043.57,0.0,215909.6,1.22,344401.91,1.97,-638149.53,-4.08,1.06,5.93,174367.46,5.93,31.12,33.69,119675.39,5.77,174367.46,5.93,174367.46,5.93,0.79,1.05,-0.03,-0.04,-0.04,-0.06,29.0,1.21,0.0,0.0,0.79,1.05,31.12,0.34
2020-09-23,17369945.34,0.0,-474098.23,-2.66,-129696.32,-0.74,-1112247.76,-6.62,1.03,3.12,-299730.77,3.12,19.04,33.89,-555455.56,0.23,-299730.77,3.12,-299730.77,3.12,0.43,0.56,-0.03,-0.04,-0.04,-0.06,14.26,-2.67,-2.67,0.0,0.43,0.56,19.04,0.34
2020-09-24,17349335.85,0.0,-20609.49,-0.12,-150305.81,-0.86,-1132857.25,-6.73,1.03,2.99,-320340.26,2.99,18.21,33.6,-622098.43,-0.49,-320340.26,2.99,-320340.26,2.99,0.41,0.54,-0.03,-0.04,-0.04,-0.06,13.42,-0.14,-0.14,0.0,0.41,0.54,18.21,0.34
2020-09-25,17738451.4,0.0,389115.55,2.24,238809.74,1.36,-743741.7,-4.64,1.05,5.3,68775.29,5.3,27.33,33.61,-224554.89,1.85,68775.29,5.3,68775.29,5.3,0.68,0.9,-0.03,-0.04,-0.04,-0.06,24.24,2.22,0.0,0.0,0.68,0.9,27.33,0.34
2020-09-28,17982539.48,0.0,244088.08,1.38,244088.08,1.38,-499653.62,-3.33,1.07,6.75,312863.37,6.75,32.57,33.43,-279862.98,-0.65,312863.37,6.75,312863.37,6.75,0.84,1.12,-0.03,-0.04,-0.04,-0.06,30.99,1.36,0.0,0.0,0.84,1.12,32.57,0.33
2020-09-29,18013780.44,0.0,31240.96,0.17,275329.04,1.55,-468412.66,-3.16,1.07,6.94,344104.33,6.94,32.75,33.16,-352591.63,-1.77,344104.33,6.94,344104.33,6.94,0.85,1.13,-0.03,-0.04,-0.04,-0.06,31.34,0.16,0.0,0.0,0.85,1.13,32.75,0.33
2020-09-30,18033797.21,0.0,20016.77,0.11,295345.81,1.67,-448395.89,-3.06,1.07,7.06,364121.1,7.06,32.67,32.89,-274429.82,-0.94,364121.1,7.06,364121.1,7.06,0.86,1.14,-0.03,-0.04,-0.04,-0.06,31.36,0.09,0.0,0.0,0.86,1.14,32.67,0.33
2020-10-01,18859614.13,500000.0,325816.92,1.81,621162.73,3.5,325816.92,1.81,1.09,8.99,689938.02,8.99,39.27,32.8,-32807.59,-0.2,689938.02,8.99,689938.02,8.99,1.06,1.42,-0.03,-0.04,-0.04,-0.06,40.35,1.79,0.0,0.0,1.06,1.42,39.27,0.33
2020-10-02,18429069.0,0.0,-430545.13,-2.28,190617.6,1.14,-104728.21,-0.52,1.07,6.5,259392.89,6.5,29.82,32.89,-475688.27,-2.63,259392.89,6.5,259392.89,6.5,0.77,1.02,-0.03,-0.03,-0.03,-0.06,27.66,-2.3,-2.3,0.0,0.77,1.02,29.82,0.33
2020-10-05,18733740.43,0.0,304671.43,1.65,304671.43,1.65,199943.22,1.13,1.08,8.26,564064.32,8.26,35.68,32.77,-76106.71,0.16,564064.32,8.26,564064.32,8.26,0.95,1.27,-0.03,-0.03,-0.03,-0.06,35.41,1.64,0.0,0.0,0.95,1.27,35.68,0.33
2020-10-06,18512726.9,0.0,-221013.53,-1.18,83657.9,0.45,-21070.31,-0.07,1.07,6.99,343050.79,6.99,30.71,32.63,-271308.49,-0.7,343050.79,6.99,343050.79,6.99,0.8,1.07,-0.03,-0.03,-0.03,-0.06,28.91,-1.2,-1.2,0.0,0.8,1.07,30.71,0.33
2020-10-07,18809864.44,0.0,297137.54,1.61,380795.44,2.07,276067.23,1.54,1.09,8.7,640188.33,8.7,36.21,32.51,-106792.8,-0.77,640188.33,8.7,640188.33,8.7,0.98,1.3,-0.03,-0.03,-0.03,-0.06,36.24,1.59,0.0,0.0,0.98,1.3,36.21,0.33
2020-10-08,18757106.89,0.0,-52757.55,-0.28,328037.89,1.78,223309.68,1.25,1.08,8.4,587430.78,8.4,34.66,32.28,78620.62,1.96,587430.78,8.4,587430.78,8.4,0.93,1.25,-0.03,-0.03,-0.03,-0.06,34.25,-0.3,-0.3,0.0,0.93,1.25,34.66,0.32
2020-10-09,19081799.28,0.0,324692.39,1.73,652730.28,3.54,548002.07,3.01,1.1,10.27,912123.17,10.27,40.39,32.18,389952.89,3.55,912123.17,10.27,912123.17,10.27,1.12,1.5,-0.03,-0.03,-0.03,-0.06,42.2,1.71,0.0,0.0,1.12,1.5,40.39,0.32
2020-10-12,19576912.72,0.0,495113.44,2.59,495113.44,2.59,1043115.51,5.68,1.13,13.14,1407236.61,13.14,49.03,32.28,594719.62,2.45,1407236.61,13.14,1407236.61,13.14,1.38,1.87,-0.03,-0.03,-0.03,-0.06,54.97,2.58,0.0,0.0,1.38,1.87,49.03,0.32
2020-10-13,19922765.28,0.0,345852.56,1.77,840966.0,4.41,1388968.07,7.55,1.15,15.13,1753089.17,15.13,54.54,32.19,489910.71,-1.21,1753089.17,15.13,1753089.17,15.13,1.55,2.12,-0.03,-0.03,-0.03,-0.06,63.76,1.75,0.0,0.0,1.55,2.12,54.54,0.32
2020-10-14,19758822.97,0.0,-163942.31,-0.82,677023.69,3.55,1225025.76,6.66,1.14,14.19,1589146.86,14.19,50.95,32.02,316014.62,-2.13,1589146.86,14.19,1589146.86,14.19,1.45,1.97,-0.03,-0.03,-0.03,-0.06,58.09,-0.84,-0.84,0.0,1.45,1.97,50.95,0.32
2020-10-15,20054696.76,0.0,295873.79,1.5,972897.48,5.1,1520899.55,8.26,1.16,15.9,1885020.65,15.9,55.36,31.89,1205409.98,6.4,1885020.65,15.9,1885020.65,15.9,1.59,2.18,-0.03,-0.03,-0.03,-0.06,65.27,1.48,0.0,0.0,1.59,2.18,55.36,0.32
2020-10-16,20040182.58,0.0,-14514.18,-0.07,958383.3,5.02,1506385.37,8.18,1.16,15.81,1870506.47,15.81,54.38,31.68,1696113.09,9.33,1870506.47,15.81,1870506.47,15.81,1.57,2.15,-0.02,-0.03,-0.03,-0.06,63.77,-0.09,-0.09,0.0,1.57,2.15,54.38,0.32
2020-10-19,19733475.0,0.0,-306707.58,-1.53,-306707.58,-1.53,1199677.79,6.52,1.14,14.04,1563798.89,14.04,48.59,31.63,1400657.98,7.72,1563798.89,14.04,1563798.89,14.04,1.39,1.9,-0.02,-0.03,-0.03,-0.06,54.59,-1.55,-1.55,0.0,1.39,1.9,48.59,0.32
2020-10-20,19783649.37,0.0,50174.37,0.25,-256533.21,-1.28,1249852.16,6.79,1.14,14.33,1613973.26,14.33,48.79,31.42,1967804.09,11.22,1613973.26,14.33,1613973.26,14.33,1.41,1.92,-0.02,-0.03,-0.03,-0.06,55.01,0.24,0.0,0.0,1.41,1.92,48.79,0.31
2020-10-21,19288147.88,0.0,-495501.49,-2.5,-752034.7,-3.75,754350.67,4.12,1.11,11.47,1118471.77,11.47,40.07,31.59,1067819.19,5.96,1118471.77,11.47,1118471.77,11.47,1.13,1.52,-0.02,-0.03,-0.03,-0.06,42.01,-2.52,-2.52,0.0,1.13,1.52,40.07,0.32
2020-10-22,18838068.06,0.0,-450079.82,-2.33,-1202114.52,-6.0,304270.85,1.69,1.09,8.87,668391.95,8.87,32.12,31.7,791950.32,4.52,668391.95,8.87,668391.95,8.87,0.87,1.17,-0.02,-0.03,-0.03,-0.06,31.12,-2.35,-2.35,0.0,0.87,1.17,32.12,0.32
2020-10-23,19120205.03,0.0,282136.97,1.5,-919977.55,-4.59,586407.82,3.21,1.1,10.5,950528.92,10.5,36.44,31.59,1137406.64,6.47,950528.92,10.5,950528.92,10.5,1.01,1.36,-0.02,-0.03,-0.03,-0.06,36.94,1.48,0.0,0.0,1.01,1.36,36.44,0.32
2020-10-26,18895075.55,0.0,-225129.48,-1.18,-225129.48,-1.18,361278.34,2.0,1.09,9.2,725399.44,9.2,32.32,31.48,618541.03,3.47,725399.44,9.2,725399.44,9.2,0.88,1.19,-0.02,-0.03,-0.03,-0.06,31.48,-1.2,-1.2,0.0,0.88,1.19,32.32,0.31
2020-10-27,19203986.11,0.0,308910.56,1.63,83781.08,0.44,670188.9,3.67,1.11,10.98,1034310.0,10.98,36.95,31.4,805237.12,4.45,1034310.0,10.98,1034310.0,10.98,1.03,1.39,-0.02,-0.03,-0.03,-0.06,37.74,1.62,0.0,0.0,1.03,1.39,36.95,0.31
2020-10-28,18424241.05,0.0,-779745.06,-4.06,-695963.98,-3.64,-109556.16,-0.54,1.06,6.47,254564.94,6.47,24.18,32.05,235781.14,1.4,254564.94,6.47,254564.94,6.47,0.61,0.81,-0.03,-0.04,-0.04,-0.06,20.98,-4.08,-4.08,0.0,0.61,0.81,24.18,0.32
2020-10-29,18483187.87,0.0,58946.82,0.32,-637017.16,-3.33,-50609.34,-0.23,1.07,6.81,313511.76,6.81,24.85,31.86,503363.9,2.94,313511.76,6.81,313511.76,6.81,0.64,0.85,-0.03,-0.04,-0.04,-0.06,21.87,0.3,0.0,0.0,0.64,0.85,24.85,0.32
2020-10-30,17677656.51,0.0,-805531.36,-4.36,-1442548.52,-7.54,-856140.7,-4.57,1.02,2.16,-492019.6,2.16,11.64,32.59,-321985.15,-1.66,-492019.6,2.16,-492019.6,2.16,0.22,0.28,-0.03,-0.04,-0.04,-0.06,6.54,-4.38,-4.38,0.0,0.22,0.28,11.64,0.33
2020-11-02,18652089.67,500000.0,474433.16,2.68,474433.16,2.68,474433.16,2.68,1.05,4.9,-17586.44,4.9,19.37,32.71,23955.7,0.24,-17586.44,4.9,-17586.44,4.9,0.45,0.6,-0.03,-0.04,-0.04,-0.06,15.05,2.67,0.0,0.0,0.45,0.6,19.37,0.33
2020-11-03,25045656.13,6000000.0,393566.46,2.11,867999.62,4.85,867999.62,4.85,1.07,7.12,375980.02,7.12,25.26,32.7,201612.56,1.12,375980.02,7.12,375980.02,7.12,0.63,0.84,-0.03,-0.04,-0.04,-0.06,22.03,2.09,0.0,0.0,0.63,0.84,25.26,0.33
2020-11-04,25941870.1,0.0,896213.97,3.58,1764213.59,8.6,1764213.59,8.6,1.11,10.95,1272193.99,10.95,35.22,33.04,1571924.76,7.6,1272193.99,10.95,1272193.99,10.95,0.93,1.25,-0.03,-0.04,-0.04,-0.06,34.65,3.56,0.0,0.0,0.93,1.25,35.22,0.33
2020-11-05,27045285.01,0.0,1103414.91,4.25,2867628.5,13.22,2867628.5,13.22,1.16,15.67,2375608.9,15.67,46.87,33.58,2695949.16,12.31,2375608.9,15.67,2375608.9,15.67,1.26,1.73,-0.03,-0.04,-0.04,-0.06,51.0,4.24,0.0,0.0,1.26,1.73,46.87,0.34
2020-11-06,26856161.11,0.0,-189123.9,-0.7,2678504.6,12.43,2678504.6,12.43,1.15,14.86,2186485.0,14.86,44.39,33.42,2117709.71,9.07,2186485.0,14.86,2186485.0,14.86,1.19,1.64,-0.03,-0.04,-0.04,-0.06,47.39,-0.72,-0.72,0.0,1.19,1.64,44.39,0.33
2020-11-09,24633130.31,0.0,-2223030.8,-8.28,-2223030.8,-8.28,455473.8,3.12,1.05,5.35,-36545.8,5.35,20.98,36.09,-349409.17,-1.31,-13084.82,5.66,-36545.8,5.35,0.46,0.59,-0.04,-0.04,-0.04,-0.07,15.53,-8.3,-8.3,0.01,0.46,0.59,20.98,0.36
2020-11-10,24153858.7,0.0,-479271.61,-1.95,-2702302.41,-10.06,-23797.81,1.12,1.03,3.3,-515817.41,3.3,15.42,36.05,-859921.74,-3.4,-560181.07,2.74,-515817.41,3.3,0.3,0.39,-0.04,-0.04,-0.04,-0.07,9.3,-1.96,-1.96,0.0,0.3,0.39,15.42,0.36
2020-11-11,24605652.52,0.0,451793.82,1.87,-2250508.59,-8.38,427996.01,3.01,1.05,5.23,-64023.59,5.23,20.32,35.97,-428144.69,-1.7,-231464.8,3.11,-64023.59,5.23,0.44,0.57,-0.04,-0.04,-0.04,-0.07,14.82,1.85,0.0,0.0,0.44,0.57,20.32,0.36
2020-11-12,24818514.46,0.0,212861.94,0.87,-2037646.65,-7.59,640857.95,3.9,1.06,6.14,148838.35,6.14,22.43,35.8,-541099.67,-2.61,-54754.09,3.55,148838.35,6.14,0.5,0.65,-0.04,-0.04,-0.04,-0.07,17.33,0.85,0.0,0.0,0.5,0.65,22.43,0.36
2020-11-13,25055010.6,0.0,236496.14,0.95,-1801150.51,-6.71,877354.09,4.89,1.07,7.16,385334.49,7.16,24.72,35.64,125941.6,0.61,112141.99,3.67,385334.49,7.16,0.57,0.74,-0.04,-0.04,-0.04,-0.07,20.12,0.94,0.0,0.0,0.57,0.74,24.72,0.36
2020-11-16,25449314.1,0.0,394303.5,1.57,394303.5,1.57,1271657.59,6.54,1.09,8.84,779637.99,8.84,28.59,35.53,215573.67,0.53,423067.57,4.27,779637.99,8.84,0.68,0.88,-0.04,-0.04,-0.04,-0.07,24.91,1.56,0.0,0.0,0.68,0.88,28.59,0.36
2020-11-17,25793136.34,0.0,343822.24,1.35,738125.74,2.95,1615479.83,7.98,1.1,10.31,1123460.23,10.31,31.81,35.4,780409.44,3.11,849236.16,6.71,1123460.23,10.31,0.77,1.0,-0.04,-0.04,-0.04,-0.07,29.04,1.33,0.0,0.0,0.77,1.0,31.81,0.35
2020-11-18,25818408.08,0.0,25271.74,0.1,763397.48,3.05,1640751.57,8.09,1.1,10.42,1148731.97,10.42,31.73,35.22,508543.64,1.58,795174.74,5.82,1148731.97,10.42,0.77,1.01,-0.04,-0.04,-0.04,-0.07,29.03,0.08,0.0,0.0,0.77,1.01,31.73,0.35
2020-11-19,26452344.47,0.0,633936.39,2.46,1397333.87,5.58,2274687.96,10.74,1.13,13.13,1782668.36,13.13,37.66,35.24,1195237.58,4.37,1433413.56,8.47,1782668.36,13.13,0.94,1.23,-0.04,-0.04,-0.04,-0.07,36.9,2.44,0.0,0.0,0.94,1.23,37.66,0.35
2020-11-20,26839523.24,0.0,387178.77,1.46,1784512.64,7.12,2661866.73,12.36,1.15,14.79,2169847.13,14.79,40.97,35.12,1257723.96,4.09,1864710.44,10.64,2169847.13,14.79,1.04,1.36,-0.04,-0.04,-0.04,-0.07,41.56,1.45,0.0,0.0,1.04,1.36,40.97,0.35
2020-11-23,27430906.95,0.0,591383.71,2.2,591383.71,2.2,3253250.44,14.84,1.17,17.32,2761230.84,17.32,46.07,35.09,1353994.23,3.7,2415425.19,12.53,2761230.84,17.32,1.18,1.56,-0.04,-0.04,-0.04,-0.07,48.95,2.19,0.0,0.0,1.18,1.56,46.07,0.35
2020-11-24,27973263.63,0.0,542356.68,1.98,1133740.39,4.22,3795607.12,17.11,1.2,19.64,3303587.52,19.64,50.5,35.03,1550498.35,3.91,2837659.77,13.15,3303587.52,19.64,1.31,1.73,-0.04,-0.04,-0.04,-0.07,55.73,1.96,0.0,0.0,1.31,1.73,50.5,0.35
2020-11-25,27698159.37,0.0,-275104.26,-0.98,858636.13,3.2,3520502.86,15.95,1.18,18.46,3028483.26,18.46,47.6,34.91,1439336.4,3.74,2589798.86,12.43,3028483.26,18.46,1.23,1.63,-0.04,-0.04,-0.04,-0.07,51.35,-1.0,-1.0,0.0,1.23,1.63,47.6,0.35
2020-11-26,27769609.61,0.0,71450.24,0.26,930086.37,3.47,3591953.1,16.25,1.19,18.76,3099933.5,18.76,47.77,34.74,1214912.85,2.47,2626230.27,12.22,3099933.5,18.76,1.25,1.64,-0.04,-0.04,-0.04,-0.07,51.7,0.24,0.0,0.0,1.25,1.64,47.77,0.35
2020-11-27,28339483.38,0.0,569873.77,2.05,1499960.14,5.59,4161826.87,18.64,1.21,21.2,3669807.27,21.2,52.24,34.69,1799300.8,4.65,3241978.2,15.2,3669807.27,21.2,1.38,1.82,-0.04,-0.04,-0.04,-0.07,58.64,2.03,0.0,0.0,1.38,1.82,52.24,0.35
2020-11-30,27946965.79,0.0,-392517.59,-1.39,-392517.59,-1.39,3769309.28,17.0,1.2,19.52,3277289.68,19.52,48.46,34.61,1713490.79,4.81,2888922.83,14.18,3277289.68,19.52,1.27,1.68,-0.04,-0.04,-0.04,-0.07,52.8,-1.4,-1.4,0.0,1.27,1.68,48.46,0.35
2020-12-01,27413131.63,75000.0,-608834.16,-2.18,-1001351.75,-3.53,-608834.16,-2.18,1.17,16.92,2668455.52,16.92,42.87,34.64,1054482.26,2.26,2149363.15,9.83,2668455.52,16.92,1.11,1.46,-0.04,-0.04,-0.04,-0.07,44.51,-2.2,-2.2,0.0,1.11,1.46,42.87,0.35
2020-12-02,27385883.24,0.0,-27248.39,-0.1,-1028600.14,-3.63,-636082.55,-2.28,1.17,16.8,2641207.13,16.8,42.24,34.48,1522735.36,4.79,2141546.91,10.0,2641207.13,16.8,1.09,1.44,-0.04,-0.04,-0.04,-0.07,43.68,-0.12,-0.12,0.0,1.09,1.44,42.24,0.34
2020-12-03,27866524.76,0.0,480641.52,1.76,-547958.62,-1.94,-155441.03,-0.56,1.19,18.85,3121848.65,18.85,45.91,34.41,2453456.7,9.17,2552180.59,10.94,3121848.65,18.85,1.2,1.59,-0.04,-0.04,-0.04,-0.07,49.08,1.74,0.0,0.0,1.2,1.59,45.91,0.34
2020-12-04,27947340.96,0.0,80816.2,0.29,-467142.42,-1.65,-74624.83,-0.27,1.19,19.2,3202664.85,19.2,46.16,34.25,2252135.93,7.87,2512750.66,9.59,3202664.85,19.2,1.22,1.61,-0.04,-0.04,-0.04,-0.07,49.53,0.27,0.0,0.0,1.22,1.61,46.16,0.34
2020-12-07,28435336.29,0.0,487995.33,1.75,487995.33,1.75,413370.5,1.47,1.21,21.28,3690660.18,21.28,49.71,34.17,2965260.74,11.07,2939406.81,10.66,3690660.18,21.28,1.32,1.75,-0.04,-0.04,-0.04,-0.07,54.96,1.73,0.0,0.0,1.32,1.75,49.71,0.34
2020-12-08,28815379.09,0.0,380042.8,1.34,868038.13,3.11,793413.3,2.83,1.23,22.9,4070702.98,22.9,52.27,34.06,3036392.98,10.74,3110145.09,9.3,4070702.98,22.9,1.4,1.86,-0.04,-0.04,-0.04,-0.07,59.04,1.32,0.0,0.0,1.4,1.86,52.27,0.34
2020-12-09,27726628.39,0.0,-1088750.7,-3.78,-220712.57,-0.79,-295337.4,-1.06,1.18,18.26,2981952.28,18.26,43.38,34.43,2727387.34,11.07,1914621.09,3.84,2981952.28,18.26,1.13,1.49,-0.04,-0.04,-0.04,-0.07,45.35,-3.8,-3.8,0.0,1.13,1.49,43.38,0.34
2020-12-10,28038439.56,0.0,311811.17,1.12,91098.6,0.33,16473.77,0.05,1.2,19.59,3293763.45,19.59,45.49,34.3,2980251.69,11.96,2118239.43,3.67,3293763.45,19.59,1.19,1.57,-0.04,-0.04,-0.04,-0.07,48.5,1.11,0.0,0.0,1.19,1.57,45.49,0.34
2020-12-11,27998986.63,0.0,-39452.93,-0.14,51645.67,0.18,-22979.16,-0.09,1.19,19.42,3254310.52,19.42,44.78,34.16,3746330.12,16.89,2387361.13,7.42,3254310.52,19.42,1.18,1.55,-0.03,-0.04,-0.04,-0.07,47.53,-0.16,-0.16,0.0,1.18,1.55,44.78,0.34
2020-12-14,28009060.33,0.0,10073.7,0.04,10073.7,0.04,-12905.46,-0.05,1.19,19.46,3264384.22,19.46,44.48,34.01,3281970.66,13.88,2714276.39,11.78,3264384.22,19.46,1.18,1.55,-0.03,-0.04,-0.04,-0.07,47.15,0.02,0.0,0.0,1.18,1.55,44.48,0.34
2020-12-15,28419347.82,0.0,410287.49,1.46,420361.19,1.5,397382.03,1.41,1.21,21.21,3674671.71,21.21,47.25,33.91,3298691.69,13.16,3619979.64,21.03,3674671.71,21.21,1.26,1.66,-0.03,-0.03,-0.04,-0.07,51.33,1.45,0.0,0.0,1.26,1.66,47.25,0.34
2020-12-16,28487934.7,0.0,68586.88,0.24,488948.07,1.75,465968.91,1.66,1.22,21.5,3743258.59,21.5,47.37,33.77,2471064.6,9.51,3487533.8,18.1,3743258.59,21.5,1.27,1.67,-0.03,-0.03,-0.04,-0.07,51.58,0.22,0.0,0.0,1.27,1.67,47.37,0.34
2020-12-17,29019084.21,0.0,531149.51,1.86,1020097.58,3.64,997118.42,3.55,1.24,23.77,4274408.1,23.77,50.92,33.71,1898799.2,7.0,3972649.93,19.58,4274408.1,23.77,1.38,1.82,-0.03,-0.03,-0.04,-0.07,57.08,1.85,0.0,0.0,1.38,1.82,50.92,0.34
2020-12-18,28598298.01,0.0,-420786.2,-1.45,599311.38,2.14,576332.22,2.05,1.22,21.97,3853621.9,21.97,47.45,33.66,1667136.9,6.2,3560291.72,17.98,3853621.9,21.97,1.28,1.68,-0.03,-0.03,-0.04,-0.07,51.76,-1.47,-1.47,0.0,1.28,1.68,47.45,0.34
2020-12-21,28588885.55,0.0,-9412.46,-0.03,-9412.46,-0.03,566919.76,2.02,1.22,21.93,3844209.44,21.93,46.99,33.52,3880755.24,15.74,3251483.09,13.48,3844209.44,21.93,1.27,1.67,-0.02,-0.03,-0.04,-0.07,51.14,-0.05,-0.05,0.0,1.27,1.67,46.99,0.34
2020-12-22,28653570.72,0.0,64685.17,0.23,55272.71,0.19,631604.93,2.25,1.22,22.21,3908894.61,22.21,47.07,33.38,4424712.02,18.3,3212198.65,12.26,3908894.61,22.21,1.28,1.68,-0.02,-0.03,-0.04,-0.07,51.33,0.21,0.0,0.0,1.28,1.68,47.07,0.33
2020-12-23,28381216.43,0.0,-272354.29,-0.95,-217081.58,-0.76,359250.64,1.28,1.21,21.05,3636540.32,21.05,44.74,33.28,3700563.91,15.03,2997989.4,12.01,3636540.32,21.05,1.21,1.6,-0.02,-0.03,-0.04,-0.07,47.9,-0.97,-0.97,0.0,1.21,1.6,44.74,0.33
2020-12-24,28533059.54,0.0,151843.11,0.54,-65238.47,-0.23,511093.75,1.82,1.22,21.7,3788383.43,21.7,45.46,33.15,3639545.08,14.65,3065637.82,11.43,3788383.43,21.7,1.24,1.63,-0.02,-0.03,-0.04,-0.07,49.04,0.52,0.0,0.0,1.24,1.63,45.46,0.33
2020-12-28,28725221.02,0.0,192161.48,0.67,192161.48,0.67,703255.23,2.5,1.23,22.52,3980544.91,22.52,46.46,33.02,3595210.42,14.33,3245463.75,12.01,3980544.91,22.52,1.27,1.68,-0.02,-0.03,-0.04,-0.07,50.59,0.66,0.0,0.0,1.27,1.68,46.46,0.33
2020-12-29,28694201.63,0.0,-31019.39,-0.11,161142.09,0.56,672235.84,2.39,1.22,22.38,3949525.52,22.38,45.87,32.9,3169887.53,12.44,3309354.49,13.22,3949525.52,22.38,1.26,1.66,-0.02,-0.03,-0.04,-0.07,49.78,-0.13,-0.13,0.0,1.26,1.66,45.87,0.33
2020-12-30,28921264.38,0.0,227062.75,0.79,388204.84,1.36,899298.59,3.2,1.23,23.35,4176588.27,23.35,47.08,32.78,3053128.04,11.82,3562228.99,14.49,4176588.27,23.35,1.3,1.72,-0.02,-0.03,-0.04,-0.07,51.65,0.77,0.0,0.0,1.3,1.72,47.08,0.33
2020-12-31,29123671.01,0.0,202406.63,0.7,590611.47,2.07,1101705.22,3.93,1.24,24.22,4378994.9,24.22,48.09,32.65,3230262.93,12.49,3632013.77,13.4,4378994.9,24.22,1.33,1.76,-0.02,-0.03,-0.04,-0.07,53.25,0.68,0.0,0.0,1.33,1.76,48.09,0.33
2021-01-04,30443300.44,1639000.0,-319370.57,-1.1,-319370.57,-1.1,-319370.57,-1.1,1.23,22.85,-319370.57,-1.1,45.58,32.58,2276955.97,8.59,3550814.17,15.56,4059624.33,22.85,1.26,1.66,-0.02,-0.03,-0.04,-0.07,49.49,-1.11,-1.11,0.0,1.26,1.66,45.58,0.33
2021-01-05,30915462.02,0.0,472161.58,1.55,152791.01,0.44,152791.01,0.44,1.25,24.76,152791.01,0.44,48.23,32.51,2361938.78,8.69,4009615.63,17.15,4531785.91,24.76,1.35,1.78,-0.02,-0.03,-0.04,-0.07,53.54,1.53,0.0,0.0,1.35,1.78,48.23,0.33
2021-01-06,30189742.01,0.0,-725720.01,-2.35,-572929.0,-1.92,-572929.0,-1.92,1.22,21.83,-572929.0,-1.92,43.35,32.57,1044835.06,3.85,2993548.91,10.32,3806065.9,21.83,1.19,1.57,-0.02,-0.03,-0.04,-0.07,46.2,-2.37,-2.37,0.0,1.19,1.57,43.35,0.33
2021-01-07,31419028.68,0.0,1229286.67,4.07,656357.67,2.07,656357.67,2.07,1.27,26.79,656357.67,2.07,50.8,32.89,1731765.05,5.98,3772174.11,8.79,5035352.57,26.79,1.41,1.88,-0.02,-0.03,-0.04,-0.07,57.33,4.05,0.0,0.0,1.41,1.88,50.8,0.33
2021-01-08,31557236.37,0.0,138207.69,0.44,794565.36,2.52,794565.36,2.52,1.27,27.35,794565.36,2.52,51.25,32.77,2145077.0,7.5,3900428.02,9.15,5173560.26,27.35,1.43,1.91,-0.02,-0.03,-0.04,-0.07,58.1,0.42,0.0,0.0,1.43,1.91,51.25,0.33
2021-01-11,30810287.94,0.0,-746948.43,-2.37,-746948.43,-2.37,47616.93,0.1,1.24,24.33,47616.93,0.1,46.41,32.83,1326678.33,4.69,3747001.16,14.14,4426611.83,24.33,1.28,1.7,-0.02,-0.03,-0.04,-0.07,50.62,-2.38,-2.38,0.0,1.28,1.7,46.41,0.33
2021-01-12,30982353.91,0.0,172065.97,0.56,-574882.46,-1.82,219682.9,0.65,1.25,25.03,219682.9,0.65,47.11,32.72,928870.53,3.16,4424284.42,18.03,4598677.8,25.03,1.3,1.74,-0.02,-0.03,-0.04,-0.07,51.73,0.54,0.0,0.0,1.3,1.74,47.11,0.33
2021-01-13,31571134.18,0.0,588780.27,1.9,13897.81,0.04,808463.17,2.57,1.27,27.4,808463.17,2.57,50.29,32.68,1910168.39,6.59,5024317.16,20.35,5187458.07,27.4,1.4,1.87,-0.02,-0.03,-0.04,-0.07,56.64,1.88,0.0,0.0,1.4,1.87,50.29,0.33
2021-01-14,31195088.85,0.0,-376045.33,-1.19,-362147.52,-1.15,432417.84,1.35,1.26,25.89,432417.84,1.35,47.73,32.61,2142957.22,7.67,5165243.57,22.46,4811412.74,25.89,1.33,1.77,-0.02,-0.03,-0.04,-0.07,52.72,-1.21,-1.21,0.0,1.33,1.77,47.73,0.33
2021-01-15,30805283.76,0.0,-389805.09,-1.25,-751952.61,-2.38,42612.75,0.08,1.24,24.31,42612.75,0.08,45.1,32.55,1780400.52,6.43,4370955.07,18.17,4421607.65,24.31,1.25,1.66,-0.02,-0.03,-0.04,-0.07,48.8,-1.27,-1.27,0.0,1.25,1.66,45.1,0.33
2021-01-18,30785292.0,0.0,-19991.76,-0.06,-19991.76,-0.06,22620.99,0.01,1.24,24.23,22620.99,0.01,44.66,32.43,1279767.24,4.53,4525174.26,19.27,4401615.89,24.23,1.24,1.65,-0.02,-0.03,-0.04,-0.07,48.2,-0.08,-0.08,0.0,1.24,1.65,44.66,0.32
2021-01-19,31594869.26,0.0,809577.26,2.63,789585.5,2.56,832198.25,2.64,1.28,27.5,832198.25,2.64,49.07,32.48,2008528.3,6.96,5398070.87,22.85,5211193.15,27.5,1.37,1.84,-0.02,-0.03,-0.04,-0.07,54.85,2.61,0.0,0.0,1.37,1.84,49.07,0.32
2021-01-20,32822103.6,0.0,1227234.34,3.88,2016819.84,6.55,2059432.59,6.63,1.32,32.45,2059432.59,6.63,55.67,32.74,2747767.31,9.21,6331569.08,25.51,6438427.49,32.45,1.56,2.12,-0.02,-0.03,-0.04,-0.06,65.25,3.87,0.0,0.0,1.56,2.12,55.67,0.33
2021-01-21,32881758.51,0.0,59654.91,0.18,2076474.75,6.74,2119087.5,6.83,1.33,32.69,2119087.5,6.83,55.6,32.63,2427379.42,7.97,6269009.52,24.88,6498082.4,32.69,1.57,2.12,-0.02,-0.03,-0.04,-0.06,65.2,0.16,0.0,0.0,1.57,2.12,55.6,0.33
2021-01-22,32701352.84,0.0,-180405.67,-0.55,1896069.08,6.16,1938681.83,6.24,1.32,31.97,1938681.83,6.24,54.24,32.53,3335724.45,11.59,6298892.93,25.67,6317676.73,31.97,1.53,2.07,-0.02,-0.03,-0.04,-0.06,63.03,-0.57,-0.57,0.0,1.53,2.07,54.24,0.33
2021-01-25,29005422.48,-4325000.0,629069.64,1.92,629069.64,1.92,2567751.47,8.28,1.35,34.5,2567751.47,8.28,57.23,32.49,3652982.92,12.47,7136598.51,29.62,6946746.37,34.5,1.62,2.21,-0.02,-0.03,-0.04,-0.06,67.99,1.91,0.0,0.0,1.62,2.21,57.23,0.32
2021-01-26,28843237.23,0.0,-162185.25,-0.56,466884.39,1.35,2405566.22,7.68,1.34,33.75,2405566.22,7.68,55.87,32.39,3530250.6,12.0,6954595.57,28.75,6784561.12,33.75,1.59,2.16,-0.02,-0.03,-0.03,-0.06,65.77,-0.58,-0.58,0.0,1.59,2.16,55.87,0.32
2021-01-27,27362765.57,0.0,-1480471.66,-5.13,-1013587.27,-3.85,925094.56,2.15,1.27,26.89,925094.56,2.15,46.62,33.04,2039705.24,6.22,5345631.6,21.25,5304089.46,26.89,1.27,1.71,-0.02,-0.03,-0.04,-0.06,50.83,-5.15,-5.15,0.0,1.27,1.71,46.62,0.33
2021-01-28,27598468.71,0.0,235703.14,0.86,-777884.13,-3.02,1160797.7,3.03,1.28,27.98,1160797.7,3.03,47.78,32.94,1865120.89,5.58,5365425.14,20.82,5539792.6,27.98,1.31,1.76,-0.02,-0.03,-0.04,-0.06,52.64,0.84,0.0,0.0,1.31,1.76,47.78,0.33
2021-01-29,26647243.02,0.0,-951225.69,-3.45,-1729109.82,-6.36,209572.01,-0.52,1.24,23.57,209572.01,-0.52,41.59,33.17,845308.32,1.7,4888297.68,19.84,4588566.91,23.57,1.12,1.49,-0.03,-0.04,-0.04,-0.06,43.38,-3.46,-3.46,0.0,1.12,1.49,41.59,0.33
2021-02-01,28663554.66,928000.0,1088311.64,4.08,1088311.64,4.08,1088311.64,4.08,1.29,28.62,1297883.65,3.54,48.22,33.45,1402470.45,3.92,5997218.81,24.88,5676878.55,28.62,1.31,1.76,-0.03,-0.04,-0.04,-0.06,53.05,4.07,0.0,0.0,1.31,1.76,48.22,0.33
2021-02-02,29077155.71,0.0,413601.05,1.44,1501912.69,5.59,1501912.69,5.59,1.3,30.47,1711484.7,5.04,50.32,33.37,2236857.7,6.97,6021704.31,23.9,6090479.6,30.47,1.37,1.85,-0.03,-0.04,-0.04,-0.06,56.34,1.43,0.0,0.0,1.37,1.85,50.32,0.33
2021-02-03,28936559.94,0.0,-140595.77,-0.48,1361316.92,5.08,1361316.92,5.08,1.3,29.84,1570888.93,4.53,49.18,33.27,2105674.39,6.48,5637020.46,21.63,5949883.83,29.84,1.34,1.81,-0.03,-0.04,-0.04,-0.06,54.62,-0.5,-0.5,0.0,1.34,1.81,49.18,0.33
2021-02-04,29325850.68,0.0,389290.74,1.35,1750607.66,6.49,1750607.66,6.49,1.32,31.59,1960179.67,5.93,51.09,33.2,2430279.96,7.67,5995070.24,23.05,6339174.57,31.59,1.4,1.89,-0.03,-0.04,-0.04,-0.06,57.63,1.33,0.0,0.0,1.4,1.89,51.09,0.33
2021-02-05,29506454.33,0.0,180603.65,0.62,1931211.31,7.14,1931211.31,7.14,1.32,32.4,2140783.32,6.59,51.77,33.09,2883237.9,9.38,6155657.12,23.67,6519778.22,32.4,1.43,1.93,-0.03,-0.04,-0.04,-0.06,58.76,0.6,0.0,0.0,1.43,1.93,51.77,0.33
2021-02-08,30134343.11,0.0,627888.78,2.13,627888.78,2.13,2559100.09,9.42,1.35,35.21,2768672.1,8.86,54.92,33.07,3359283.57,11.11,6457728.98,24.06,7147667.0,35.21,1.52,2.06,-0.03,-0.04,-0.04,-0.06,63.83,2.11,0.0,0.0,1.52,2.06,54.92,0.33
2021-02-09,30236771.55,0.0,102428.44,0.34,730317.22,2.48,2661528.53,9.8,1.36,35.67,2871100.54,9.23,55.11,32.97,3269550.53,10.74,6990702.55,27.39,7250095.44,35.67,1.54,2.08,-0.03,-0.04,-0.04,-0.06,64.22,0.32,0.0,0.0,1.54,2.08,55.11,0.33
2021-02-10,30323468.62,0.0,86697.07,0.29,817014.29,2.77,2748225.6,10.11,1.36,36.06,2957797.61,9.54,55.22,32.86,3387266.99,11.18,6772728.19,25.68,7336792.51,36.06,1.54,2.09,-0.03,-0.04,-0.04,-0.06,64.45,0.27,0.0,0.0,1.54,2.09,55.22,0.33
2021-02-11,30510083.64,0.0,186615.02,0.62,1003629.31,3.4,2934840.62,10.79,1.37,36.9,3144412.63,10.21,55.86,32.76,3346819.26,10.98,7180356.74,27.96,7523407.53,36.9,1.57,2.12,-0.03,-0.04,-0.04,-0.06,65.56,0.6,0.0,0.0,1.57,2.12,55.86,0.33
2021-02-12,30537187.01,0.0,27103.37,0.09,1030732.68,3.49,2961943.99,10.89,1.37,37.02,3171516.0,10.31,55.65,32.66,3171516.0,10.31,6910322.57,26.05,7550510.9,37.02,1.57,2.12,-0.03,-0.04,-0.04,-0.06,65.26,0.07,0.0,0.0,1.57,2.12,55.65,0.33
2021-02-15,30430477.45,0.0,-106709.56,-0.35,-106709.56,-0.35,2855234.43,10.5,1.37,36.54,3064806.44,9.93,54.74,32.56,3384177.01,11.14,6856370.56,25.96,7443801.34,36.54,1.54,2.09,-0.03,-0.04,-0.04,-0.06,63.83,-0.37,-0.37,0.0,1.54,2.09,54.74,0.33
2021-02-16,29679618.09,0.0,-750859.36,-2.47,-857568.92,-2.81,2104375.07,7.77,1.33,33.17,2313947.08,7.21,50.52,32.63,2161156.07,6.75,5780818.81,20.77,6692941.98,33.17,1.41,1.9,-0.03,-0.04,-0.04,-0.06,57.02,-2.49,-2.49,0.0,1.41,1.9,50.52,0.33
2021-02-17,29264362.4,0.0,-415255.69,-1.4,-1272824.61,-4.17,1689119.38,6.27,1.31,31.31,1898691.39,5.71,48.01,32.59,2471620.39,7.78,4870449.68,16.07,6277686.29,31.31,1.34,1.8,-0.03,-0.04,-0.04,-0.06,53.17,-1.42,-1.42,0.0,1.34,1.8,48.01,0.33
2021-02-18,28506594.68,0.0,-757767.72,-2.59,-2030592.33,-6.65,931351.66,3.51,1.28,27.91,1140923.67,2.98,43.69,32.67,484566.0,0.88,3766829.4,11.1,5519918.57,27.91,1.2,1.61,-0.03,-0.04,-0.04,-0.06,46.66,-2.61,-2.61,0.0,1.2,1.61,43.69,0.33
2021-02-19,28435741.9,0.0,-70852.78,-0.25,-2101445.11,-6.88,860498.88,3.26,1.28,27.59,1070070.89,2.72,43.04,32.58,275505.53,0.19,3859918.93,11.74,5449065.79,27.59,1.18,1.59,-0.03,-0.04,-0.04,-0.06,45.75,-0.27,-0.27,0.0,1.18,1.59,43.04,0.33
2021-02-22,27290362.69,0.0,-1145379.21,-4.03,-1145379.21,-4.03,-284880.33,-0.9,1.22,22.45,-75308.32,-1.42,36.58,32.89,-122925.25,-1.51,2418665.93,5.66,4303686.58,22.45,0.98,1.3,-0.04,-0.04,-0.04,-0.06,36.51,-4.05,-4.05,0.0,0.98,1.3,36.58,0.33
2021-02-23,26730713.71,0.0,-559648.98,-2.05,-1705028.19,-6.0,-844529.31,-2.93,1.2,19.94,-634957.3,-3.44,33.23,32.9,-854640.2,-4.07,1873531.13,3.57,3744037.6,19.94,0.87,1.16,-0.04,-0.04,-0.04,-0.06,32.01,-2.07,-2.07,0.0,0.87,1.16,33.23,0.33
2021-02-24,26694130.92,0.0,-36582.79,-0.14,-1741610.98,-6.12,-881112.1,-3.07,1.2,19.78,-671540.09,-3.57,32.82,32.8,-1480003.26,-5.99,2143655.92,5.03,3707454.81,19.78,0.86,1.15,-0.04,-0.04,-0.04,-0.06,31.52,-0.15,-0.15,0.0,0.86,1.15,32.82,0.33
2021-02-25,25386845.82,0.0,-1307285.1,-4.9,-3048896.08,-10.72,-2188397.2,-7.81,1.14,13.91,-1978825.19,-8.29,25.24,33.28,-2411243.03,-9.51,786196.45,-0.37,2400169.71,13.91,0.62,0.82,-0.05,-0.04,-0.04,-0.06,21.72,-4.92,-4.92,0.0,0.62,0.82,25.24,0.33
2021-02-26,25498029.86,0.0,111184.04,0.44,-2937712.04,-10.33,-2077213.16,-7.41,1.14,14.41,-1867641.15,-7.89,25.74,33.19,-1910253.9,-7.97,1392881.98,2.64,2511353.75,14.41,0.64,0.84,-0.05,-0.04,-0.04,-0.06,22.38,0.42,0.0,0.0,0.64,0.84,25.74,0.33
2021-03-01,56833765.77,30560000.0,775735.91,3.04,775735.91,3.04,775735.91,3.04,1.18,17.89,-1091905.24,-5.09,30.13,33.28,-1114526.23,-5.1,2618697.71,8.29,3287089.66,17.89,0.77,1.02,-0.05,-0.04,-0.04,-0.06,27.82,3.02,0.0,0.0,0.77,1.02,30.13,0.33
2021-03-02,56456045.31,0.0,-377720.46,-0.66,398015.45,2.36,398015.45,2.36,1.17,17.11,-1469625.7,-5.72,28.96,33.2,-2301823.95,-8.15,1958840.28,5.98,2909369.2,17.11,0.74,0.97,-0.05,-0.04,-0.04,-0.06,26.38,-0.68,-0.68,0.0,0.74,0.97,28.96,0.33
2021-03-03,55091738.13,0.0,-1364307.18,-2.42,-966291.73,-0.12,-966291.73,-0.12,1.14,14.28,-2833932.88,-8.0,25.23,33.24,-4893365.47,-13.72,819662.58,4.66,1545062.02,14.28,0.62,0.82,-0.05,-0.04,-0.04,-0.06,21.74,-2.43,-2.43,0.0,0.62,0.82,25.23,0.33
2021-03-04,53696199.01,0.0,-1395539.12,-2.53,-2361830.85,-2.65,-2361830.85,-2.65,1.11,11.38,-4229472.0,-10.33,21.38,33.3,-6348559.5,-16.06,-884787.1,0.36,149522.9,11.38,0.51,0.67,-0.05,-0.04,-0.04,-0.06,17.11,-2.55,-2.55,0.0,0.51,0.67,21.38,0.33
2021-03-05,54316065.04,0.0,619866.03,1.15,-1741964.82,-1.52,-1741964.82,-1.52,1.13,12.67,-3609605.97,-9.29,22.93,33.23,-5548287.8,-14.62,514823.99,5.82,769388.93,12.67,0.55,0.73,-0.05,-0.04,-0.04,-0.06,18.98,1.14,0.0,0.0,0.55,0.73,22.93,0.33
2021-03-08,53054168.86,0.0,-1261896.18,-2.32,-1261896.18,-2.32,-3003861.0,-3.81,1.1,10.05,-4871502.15,-11.4,19.44,33.26,-7439253.62,-18.18,-806019.01,3.03,-492507.25,10.05,0.45,0.59,-0.05,-0.04,-0.04,-0.06,14.88,-2.34,-2.34,0.0,0.45,0.59,19.44,0.33
2021-03-09,54582362.95,0.0,1528194.09,2.88,266297.91,0.49,-1475666.91,-1.04,1.13,13.22,-3343308.06,-8.85,23.47,33.33,-5748874.28,-15.35,1527706.44,10.83,1035686.84,13.22,0.57,0.75,-0.05,-0.04,-0.04,-0.06,19.58,2.86,0.0,0.0,0.57,0.75,23.47,0.33
2021-03-10,54786253.61,0.0,203890.66,0.37,470188.57,0.87,-1271776.25,-0.67,1.14,13.64,-3139417.4,-8.51,23.88,33.24,-4064511.96,-10.44,1257163.94,8.33,1239577.5,13.64,0.58,0.77,-0.04,-0.04,-0.04,-0.06,20.1,0.36,0.0,0.0,0.58,0.77,23.88,0.33
2021-03-11,56342852.94,0.0,1556599.33,2.84,2026787.9,3.73,284823.08,2.15,1.17,16.87,-1582818.07,-5.91,27.79,33.3,-2743615.77,-8.68,2420196.81,9.11,2796176.83,16.87,0.7,0.93,-0.04,-0.04,-0.04,-0.06,24.86,2.82,0.0,0.0,0.7,0.93,27.79,0.33
2021-03-12,55847966.03,0.0,-494886.91,-0.88,1531900.99,2.82,-210063.83,1.26,1.16,15.85,-2077704.98,-6.74,26.39,33.23,-2287276.99,-6.25,1029095.93,4.42,2301289.92,15.85,0.66,0.87,-0.03,-0.04,-0.04,-0.06,23.15,-0.9,-0.9,0.0,0.66,0.87,26.39,0.33
2021-03-15,56410570.51,0.0,562604.48,1.01,562604.48,1.01,352540.65,2.28,1.17,17.01,-1515100.5,-5.8,27.66,33.15,-2812984.15,-9.02,488285.5,1.16,2863894.4,17.01,0.7,0.93,-0.03,-0.04,-0.04,-0.06,24.76,0.99,0.0,0.0,0.7,0.93,27.66,0.33
2021-03-16,56350376.18,0.0,-60194.33,-0.11,502410.15,0.9,292346.32,2.17,1.17,16.89,-1575294.83,-5.9,27.35,33.06,-3286779.53,-10.41,617215.07,1.77,2803700.07,16.89,0.69,0.92,-0.03,-0.04,-0.04,-0.06,24.42,-0.12,-0.12,0.0,0.69,0.92,27.35,0.33
2021-03-17,56498854.45,0.0,148478.27,0.26,650888.42,1.17,440824.59,2.44,1.17,17.2,-1426816.56,-5.65,27.57,32.97,-2997705.49,-9.74,2988724.14,11.24,2952178.34,17.2,0.7,0.93,-0.03,-0.03,-0.04,-0.06,24.72,0.25,0.0,0.0,0.7,0.93,27.57,0.33
2021-03-18,54612674.4,0.0,-1886180.05,-3.34,-1235291.63,-2.21,-1445355.46,-0.98,1.13,13.28,-3312996.61,-8.8,22.8,33.13,-5273176.28,-13.91,1581815.7,9.66,1065998.29,13.28,0.55,0.73,-0.04,-0.03,-0.04,-0.06,18.85,-3.36,-3.36,0.0,0.55,0.73,22.8,0.33
2021-03-19,54718632.11,0.0,105957.71,0.19,-1129333.92,-2.02,-1339397.75,-0.79,1.14,13.5,-3207038.9,-8.62,22.94,33.04,-5347822.22,-14.27,1235979.59,7.86,1171956.0,13.5,0.56,0.74,-0.04,-0.03,-0.04,-0.06,19.06,0.18,0.0,0.0,0.56,0.74,22.94,0.33
2021-03-22,54818316.47,-585000.0,684684.36,1.25,684684.36,1.25,-654713.39,0.45,1.15,14.92,-2522354.54,-7.48,24.53,32.98,-5291026.64,-15.01,1707802.01,8.27,1856640.36,14.92,0.61,0.8,-0.04,-0.03,-0.04,-0.06,20.99,1.23,0.0,0.0,0.61,0.8,24.53,0.33
2021-03-23,53671979.07,0.0,-1146337.4,-2.09,-461653.04,-0.87,-1801050.79,-1.65,1.13,12.52,-3668691.94,-9.41,21.55,32.99,-6539792.48,-17.06,324968.47,5.01,710302.96,12.52,0.52,0.68,-0.04,-0.03,-0.04,-0.06,17.43,-2.11,-2.11,0.0,0.52,0.68,21.55,0.33
2021-03-24,52359190.5,0.0,-1312788.57,-2.45,-1774441.61,-3.29,-3113839.36,-4.06,1.1,9.77,-4981480.51,-11.63,18.12,33.03,-7939278.12,-19.32,-1382123.6,0.85,-602485.61,9.77,0.41,0.54,-0.04,-0.03,-0.04,-0.06,13.46,-2.46,-2.46,0.0,0.41,0.54,18.12,0.33
2021-03-25,52212623.71,0.0,-146566.79,-0.28,-1921008.4,-3.56,-3260406.15,-4.33,1.09,9.46,-5128047.3,-11.88,17.64,32.94,-8272459.93,-20.04,-1872512.63,-0.77,-749052.4,9.46,0.4,0.52,-0.04,-0.03,-0.04,-0.06,12.96,-0.3,-0.3,0.0,0.4,0.52,17.64,0.33
2021-03-26,53280810.7,0.0,1068186.99,2.05,-852821.41,-1.59,-2192219.16,-2.37,1.12,11.7,-4059860.31,-10.07,20.29,32.93,-7231376.31,-18.48,-829597.38,1.16,319134.59,11.7,0.48,0.63,-0.04,-0.03,-0.04,-0.06,15.99,2.03,0.0,0.0,0.48,0.63,20.29,0.33
2021-03-29,52691240.99,0.0,-589569.71,-1.11,-589569.71,-1.11,-2781788.87,-3.45,1.1,10.47,-4649430.02,-11.07,18.71,32.87,-7714236.46,-19.1,-2053103.48,-2.36,-270435.12,10.47,0.43,0.57,-0.04,-0.03,-0.04,-0.06,14.19,-1.12,-1.12,0.0,0.43,0.57,18.71,0.33
2021-03-30,52633674.71,0.0,-57566.28,-0.11,-647135.99,-1.21,-2839355.15,-3.55,1.1,10.34,-4706996.3,-11.17,18.46,32.79,-7020943.38,-17.14,-2497848.53,-3.87,-328001.4,10.34,0.43,0.56,-0.04,-0.03,-0.04,-0.06,13.95,-0.13,-0.13,0.0,0.43,0.56,18.46,0.33
2021-03-31,53481091.47,0.0,847416.76,1.61,200280.77,0.38,-1991938.39,-2.0,1.12,12.12,-3859579.54,-9.74,20.49,32.75,-5758270.93,-14.61,-2241815.48,-4.43,519415.36,12.12,0.49,0.64,-0.04,-0.03,-0.04,-0.06,16.29,1.59,0.0,0.0,0.49,0.64,20.49,0.33
2021-04-01,54781891.27,0.0,1300799.8,2.43,1501080.57,2.82,1300799.8,2.43,1.15,14.85,-2558779.74,-7.54,23.58,32.77,-3699703.41,-10.21,-1483372.36,-4.0,1820215.16,14.85,0.58,0.77,-0.04,-0.03,-0.04,-0.06,19.93,2.41,0.0,0.0,0.58,0.77,23.58,0.33
2021-04-02,54742205.41,0.0,-39685.86,-0.07,1461394.71,2.74,1261113.94,2.36,1.15,14.77,-2598465.6,-7.61,23.36,32.69,-3668536.49,-10.05,-1247953.96,-3.12,1780529.3,14.77,0.58,0.76,-0.04,-0.03,-0.04,-0.06,19.7,-0.09,-0.09,0.0,0.58,0.76,23.36,0.33
2021-04-05,56008610.47,0.0,1266405.06,2.31,1266405.06,2.31,2527519.0,4.73,1.17,17.42,-1332060.54,-5.47,26.25,32.7,-1256752.22,-4.11,-52999.14,-1.13,3046934.36,17.42,0.66,0.88,-0.03,-0.03,-0.04,-0.06,23.2,2.3,0.0,0.0,0.66,0.88,26.25,0.33
2021-04-06,56211118.47,0.0,202508.0,0.36,1468913.06,2.68,2730027.0,5.1,1.18,17.84,-1129552.54,-5.13,26.58,32.62,-494595.24,-1.75,-420364.91,-2.77,3249442.36,17.84,0.68,0.9,-0.03,-0.03,-0.04,-0.06,23.64,0.34,0.0,0.0,0.68,0.9,26.58,0.33
2021-04-07,56160289.08,0.0,-50829.39,-0.09,1418083.67,2.59,2679197.61,5.01,1.18,17.74,-1180381.93,-5.21,26.33,32.54,-508841.84,-1.7,-78676.71,-1.49,3198612.97,17.74,0.67,0.89,-0.03,-0.03,-0.04,-0.06,23.36,-0.11,-0.11,0.0,0.67,0.89,26.33,0.33
2021-04-08,57118327.47,0.0,958038.39,1.71,2376122.06,4.34,3637236.0,6.8,1.2,19.75,-222343.54,-3.6,28.37,32.5,1756481.65,5.12,1488195.84,2.42,4156651.36,19.75,0.73,0.98,-0.02,-0.03,-0.04,-0.06,25.93,1.69,0.0,0.0,0.73,0.98,28.37,0.33
2021-04-09,57494053.31,0.0,375725.84,0.66,2751847.9,5.03,4012961.84,7.5,1.21,20.53,153382.3,-2.96,29.07,32.43,2021023.45,5.35,1891170.07,3.19,4532377.2,20.53,0.76,1.01,-0.02,-0.03,-0.04,-0.06,26.83,0.64,0.0,0.0,0.76,1.01,29.07,0.32
2021-04-12,57137967.66,0.0,-356085.65,-0.62,-356085.65,-0.62,3656876.19,6.84,1.2,19.79,-202703.35,-3.56,28.14,32.36,889201.89,1.61,1054442.9,0.79,4176291.55,19.79,0.73,0.97,-0.02,-0.03,-0.04,-0.06,25.69,-0.64,-0.64,0.0,0.73,0.97,28.14,0.32
2021-04-13,57917249.42,0.0,779281.76,1.36,423196.11,0.74,4436157.95,8.29,1.21,21.42,576578.41,-2.25,29.72,32.3,2046204.11,3.68,1752908.46,1.87,4955573.31,21.42,0.78,1.04,-0.02,-0.03,-0.04,-0.06,27.71,1.35,0.0,0.0,0.78,1.04,29.72,0.32
2021-04-14,57783876.52,0.0,-133372.9,-0.23,289823.21,0.5,4302785.05,8.05,1.21,21.14,443205.51,-2.47,29.28,32.23,3277138.39,6.01,1131540.23,-0.11,4822200.41,21.14,0.77,1.02,-0.02,-0.03,-0.04,-0.06,27.18,-0.25,-0.25,0.0,0.77,1.02,29.28,0.32
2021-04-15,59330218.33,0.0,1546341.81,2.68,1836165.02,3.19,5849126.86,10.94,1.24,24.38,1989547.32,0.14,32.47,32.27,6219019.32,11.67,2297839.24,1.21,6368542.22,24.38,0.87,1.16,-0.02,-0.03,-0.04,-0.06,31.29,2.66,0.0,0.0,0.87,1.16,32.47,0.32
2021-04-16,59739765.28,0.0,409546.95,0.69,2245711.97,3.91,6258673.81,11.7,1.25,25.24,2399094.27,0.83,33.17,32.2,6008700.24,11.16,3796136.89,5.91,6778089.17,25.24,0.89,1.19,-0.02,-0.03,-0.04,-0.06,32.24,0.67,0.0,0.0,0.89,1.19,33.17,0.32
2021-04-19,58946802.46,0.0,-792962.82,-1.33,-792962.82,-1.33,5465710.99,10.22,1.24,23.58,1606131.45,-0.51,31.37,32.16,6477633.6,12.29,2691362.9,3.34,5985126.35,23.58,0.84,1.11,-0.02,-0.03,-0.04,-0.06,29.89,-1.35,-1.35,0.0,0.84,1.11,31.37,0.32
2021-04-20,57516243.89,0.0,-1430558.57,-2.43,-2223521.39,-3.72,4035152.42,7.55,1.21,20.58,175572.88,-2.93,28.23,32.21,3518880.94,6.5,1300257.26,0.97,4554567.78,20.58,0.74,0.98,-0.02,-0.03,-0.04,-0.06,25.87,-2.44,-2.44,0.0,0.74,0.98,28.23,0.32
2021-04-21,59334451.71,0.0,1818207.82,3.16,-405313.57,-0.68,5853360.24,10.94,1.24,24.39,1993780.7,0.14,31.96,32.3,5133198.1,9.46,3108391.38,4.13,6372775.6,24.39,0.85,1.14,-0.02,-0.03,-0.04,-0.06,30.61,3.14,0.0,0.0,0.85,1.14,31.96,0.32
2021-04-22,58302815.96,0.0,-1031635.75,-1.74,-1436949.32,-2.41,4821724.49,9.02,1.22,22.23,962144.95,-1.6,29.69,32.29,2544963.02,4.58,1666468.14,0.84,5341139.85,22.23,0.78,1.04,-0.02,-0.03,-0.04,-0.06,27.68,-1.76,-1.76,0.0,0.78,1.04,29.69,0.32
2021-04-23,60289430.38,0.0,1986614.42,3.41,549665.1,0.92,6808338.91,12.73,1.26,26.39,2948759.37,1.75,33.68,32.42,5026464.35,9.1,3584495.68,4.03,7327754.27,26.39,0.9,1.21,-0.02,-0.03,-0.04,-0.06,32.82,3.39,0.0,0.0,0.9,1.21,33.68,0.32
2021-04-26,61417484.22,0.0,1128053.84,1.87,1128053.84,1.87,7936392.75,14.84,1.29,28.76,4076813.21,3.66,35.77,32.39,5591913.71,10.04,4181400.01,4.03,8455808.11,28.76,0.97,1.3,-0.02,-0.03,-0.04,-0.06,35.63,1.85,0.0,0.0,0.97,1.3,35.77,0.32
2021-04-27,61589622.07,0.0,172137.85,0.28,1300191.69,2.16,8108530.6,15.16,1.29,29.12,4248951.06,3.95,35.94,32.32,5824245.89,10.46,4774324.06,5.86,8627945.96,29.12,0.97,1.31,-0.02,-0.03,-0.04,-0.06,35.89,0.26,0.0,0.0,0.97,1.31,35.94,0.32
2021-04-28,61581843.31,0.0,-7778.76,-0.01,1292412.93,2.14,8100751.84,15.15,1.29,29.1,4241172.3,3.94,35.75,32.24,5667988.86,10.16,4775957.76,5.88,8620167.2,29.1,0.97,1.31,-0.02,-0.03,-0.04,-0.06,35.67,-0.03,-0.03,0.0,0.97,1.31,35.75,0.32
2021-04-29,62104780.73,0.0,522937.42,0.85,1815350.35,3.01,8623689.26,16.12,1.3,30.2,4764109.72,4.82,36.59,32.17,8077106.33,14.93,5234210.01,6.54,9143104.62,30.2,1.0,1.34,-0.02,-0.03,-0.04,-0.06,36.85,0.83,0.0,0.0,1.0,1.34,36.59,0.32
2021-04-30,61212454.48,0.0,-892326.25,-1.44,923024.1,1.53,7731363.01,14.46,1.28,28.33,3871783.47,3.31,34.72,32.14,7078822.37,13.06,4614238.05,6.02,8250778.37,28.33,0.94,1.27,-0.02,-0.03,-0.04,-0.06,34.33,-1.45,-1.45,0.0,0.94,1.27,34.72,0.32
2021-05-03,62175374.4,670000.0,292919.92,0.48,292919.92,0.48,292919.92,0.48,1.29,28.94,4164703.39,3.81,35.12,32.07,6687057.93,12.2,4755314.86,5.96,8543698.29,28.94,0.95,1.29,-0.02,-0.03,-0.04,-0.06,34.9,0.46,0.0,0.0,0.95,1.29,35.12,0.32
2021-05-04,61168989.11,0.0,-1006385.29,-1.62,-713465.37,-1.15,-713465.37,-1.15,1.27,26.86,3158318.1,2.13,33.06,32.05,6827010.04,12.74,3556768.09,3.54,7537313.0,26.86,0.89,1.2,-0.02,-0.03,-0.04,-0.06,32.16,-1.64,-1.64,0.0,0.89,1.2,33.06,0.32
2021-05-05,61659231.26,0.0,490242.15,0.8,-223223.22,-0.36,-223223.22,-0.36,1.28,27.87,3648560.25,2.95,33.84,31.98,8630040.76,16.49,4078029.63,4.49,8027555.15,27.87,0.92,1.23,-0.02,-0.03,-0.03,-0.06,33.22,0.78,0.0,0.0,0.92,1.23,33.84,0.32
2021-05-06,62848098.65,0.0,1188867.39,1.93,965644.17,1.57,965644.17,1.57,1.3,30.34,4837427.64,4.93,35.93,31.97,9965474.94,19.07,5039834.27,5.66,9216422.54,30.34,0.98,1.33,-0.02,-0.03,-0.03,-0.06,36.03,1.91,0.0,0.0,0.98,1.33,35.93,0.32
2021-05-07,64346690.04,0.0,1498591.39,2.38,2464235.56,3.99,2464235.56,3.99,1.33,33.45,6336019.03,7.43,38.52,31.99,10395879.34,19.47,6336019.03,7.43,10715013.93,33.45,1.06,1.44,-0.02,-0.03,-0.03,-0.06,39.59,2.37,0.0,0.0,1.06,1.44,38.52,0.32
2021-05-10,62631097.59,0.0,-1715592.45,-2.67,-1715592.45,-2.67,748643.11,1.22,1.3,29.89,4620426.58,4.57,35.27,32.06,9269856.6,17.58,4939797.15,5.73,8999421.48,29.89,0.96,1.29,-0.02,-0.03,-0.03,-0.06,35.11,-2.68,-2.68,0.0,0.96,1.29,35.27,0.32
2021-05-11,61825563.46,0.0,-805534.13,-1.29,-2521126.58,-3.92,-56891.02,-0.09,1.28,28.22,3814892.45,3.22,33.64,32.02,8521888.75,16.2,3662101.44,2.77,8193887.35,28.22,0.91,1.23,-0.02,-0.03,-0.03,-0.06,32.94,-1.3,-1.3,0.0,0.91,1.23,33.64,0.32
2021-05-12,58785102.53,0.0,-3040460.93,-4.92,-5561587.51,-8.64,-3097351.95,-5.0,1.22,21.91,774431.52,-1.85,27.88,32.4,4634011.06,8.73,1347360.52,0.07,5153426.42,21.91,0.72,0.96,-0.03,-0.03,-0.04,-0.06,25.35,-4.94,-4.94,0.0,0.72,0.96,27.88,0.32
2021-05-13,59112210.82,0.0,327108.29,0.56,-5234479.22,-8.13,-2770243.66,-4.47,1.23,22.59,1101539.81,-1.31,28.39,32.33,3660319.55,6.74,445182.14,-3.31,5480534.71,22.59,0.74,0.99,-0.03,-0.03,-0.04,-0.06,26.01,0.54,0.0,0.0,0.74,0.99,28.39,0.32
2021-05-14,61041146.49,0.0,1928935.67,3.26,-3305543.55,-5.14,-841307.99,-1.35,1.27,26.59,3030475.48,1.91,31.95,32.43,5628941.08,10.3,2235910.12,-0.59,7409470.38,26.59,0.85,1.14,-0.03,-0.03,-0.04,-0.06,30.53,3.25,0.0,0.0,0.85,1.14,31.95,0.32
2021-05-17,60984563.5,0.0,-56582.99,-0.09,-56582.99,-0.09,-897890.98,-1.45,1.26,26.47,2973892.49,1.82,31.7,32.36,4305953.03,7.71,2926275.56,1.72,7352887.39,26.47,0.84,1.13,-0.03,-0.03,-0.04,-0.06,30.24,-0.11,-0.11,0.0,0.84,1.13,31.7,0.32
2021-05-18,60701818.96,0.0,-282744.54,-0.46,-339327.53,-0.56,-1180635.52,-1.9,1.26,25.89,2691147.95,1.35,31.04,32.29,3820700.49,6.83,2471465.05,0.69,7070142.85,25.89,0.82,1.1,-0.03,-0.03,-0.04,-0.06,29.41,-0.48,-0.48,0.0,0.82,1.1,31.04,0.32
2021-05-19,59391758.62,0.0,-1310060.34,-2.16,-1649387.87,-2.7,-2490695.86,-4.02,1.23,23.17,1381087.61,-0.84,28.5,32.31,2561469.54,4.61,572624.44,-3.32,5760082.51,23.17,0.74,0.99,-0.03,-0.03,-0.04,-0.06,26.16,-2.18,-2.18,0.0,0.74,0.99,28.5,0.32
2021-05-20,60387974.11,0.0,996215.49,1.68,-653172.38,-1.07,-1494480.37,-2.41,1.25,25.24,2377303.1,0.82,30.23,32.28,2599646.64,4.59,1944885.26,-0.52,6756298.0,25.24,0.8,1.07,-0.03,-0.03,-0.04,-0.06,28.38,1.66,0.0,0.0,0.8,1.07,30.23,0.32
2021-05-21,59716894.75,0.0,-671079.36,-1.11,-1324251.74,-2.17,-2165559.73,-3.49,1.24,23.85,1706223.74,-0.3,28.87,32.23,1552841.44,2.75,1663610.99,-0.38,6085218.64,23.85,0.76,1.01,-0.03,-0.03,-0.04,-0.06,26.67,-1.13,-1.13,0.0,0.76,1.01,28.87,0.32
2021-05-24,60881661.7,0.0,1164766.95,1.95,1164766.95,1.95,-1000792.78,-1.61,1.26,26.26,2870990.69,1.65,30.89,32.22,3073694.04,5.4,2848369.7,1.63,7249985.59,26.26,0.82,1.1,-0.03,-0.03,-0.04,-0.06,29.25,1.93,0.0,0.0,0.82,1.1,30.89,0.32
2021-05-25,61111305.98,0.0,229644.28,0.38,1394411.23,2.34,-771148.5,-1.24,1.27,26.74,3100634.97,2.03,31.17,32.15,2524056.56,4.38,2268436.72,-0.6,7479629.87,26.74,0.83,1.11,-0.03,-0.03,-0.04,-0.06,29.64,0.36,0.0,0.0,0.83,1.11,31.17,0.32
2021-05-26,61433401.51,0.0,322095.53,0.53,1716506.76,2.87,-449052.97,-0.72,1.27,27.41,3422730.5,2.57,31.61,32.08,2979524.99,5.17,1363297.91,-3.81,7801725.4,27.41,0.85,1.13,-0.03,-0.03,-0.04,-0.06,30.24,0.51,0.0,0.0,0.85,1.13,31.61,0.32
2021-05-27,62298962.1,0.0,865560.59,1.41,2582067.35,4.32,416507.62,0.68,1.29,29.2,4288291.09,4.01,33.01,32.04,2298743.77,3.87,2169203.59,-2.63,8667285.99,29.2,0.89,1.2,-0.03,-0.03,-0.04,-0.06,32.09,1.39,0.0,0.0,0.89,1.2,33.01,0.32
2021-05-28,62729285.9,0.0,430323.8,0.69,3012391.15,5.04,846831.42,1.37,1.3,30.09,4718614.89,4.73,33.61,31.98,2319520.62,3.87,2779933.06,-1.42,9097609.79,30.09,0.91,1.22,-0.03,-0.03,-0.04,-0.06,32.91,0.67,0.0,0.0,0.91,1.22,33.61,0.32
2021-05-31,62737202.9,0.0,7917.0,0.01,7917.0,0.01,854748.42,1.39,1.3,30.11,4726531.89,4.75,33.48,31.91,3120400.44,5.28,2158780.42,-3.27,9105526.79,30.11,0.91,1.22,-0.03,-0.03,-0.04,-0.06,32.77,-0.01,-0.01,0.0,0.91,1.22,33.48,0.32
2021-06-01,63408821.79,0.0,671618.89,1.07,679535.89,1.08,671618.89,1.07,1.32,31.5,5398150.78,5.87,34.49,31.86,5222577.9,9.06,2992584.56,-1.68,9777145.68,31.5,0.94,1.27,-0.02,-0.03,-0.04,-0.06,34.13,1.05,0.0,0.0,0.94,1.27,34.49,0.32
2021-06-02,63528469.23,0.0,119647.44,0.19,799183.33,1.27,791266.33,1.26,1.32,31.75,5517798.22,6.07,34.54,31.79,3524017.52,5.91,4592703.66,3.83,9896793.12,31.75,0.95,1.27,-0.02,-0.03,-0.03,-0.06,34.24,0.17,0.0,0.0,0.95,1.27,34.54,0.32
2021-06-03,62283898.72,0.0,-1244570.51,-1.96,-445387.18,-0.71,-453304.18,-0.72,1.29,29.17,4273227.71,3.99,32.31,31.8,3311082.76,5.68,3112430.01,0.93,8652222.61,29.17,0.87,1.17,-0.02,-0.03,-0.03,-0.06,31.28,-1.98,-1.98,0.0,0.87,1.17,32.31,0.32
2021-06-04,64088973.29,0.0,1805074.57,2.9,1359687.39,2.17,1351770.39,2.15,1.33,32.91,6078302.28,7.0,35.25,31.86,3129542.91,5.16,5868730.27,7.56,10457297.18,32.91,0.97,1.3,-0.02,-0.03,-0.03,-0.06,35.16,2.88,0.0,0.0,0.97,1.3,35.25,0.32
2021-06-07,64012852.61,0.0,-76120.68,-0.12,-76120.68,-0.12,1275649.71,2.03,1.33,32.75,6002181.6,6.87,34.97,31.79,1925368.39,3.1,4704297.95,3.22,10381176.5,32.75,0.96,1.29,-0.02,-0.03,-0.03,-0.06,34.82,-0.14,-0.14,0.0,0.96,1.29,34.97,0.32
2021-06-08,64543789.76,0.0,530937.15,0.83,454816.47,0.71,1806586.86,2.88,1.34,33.86,6533118.75,7.76,35.7,31.73,2284167.69,3.67,4821634.05,2.59,10912113.65,33.86,0.98,1.33,-0.02,-0.03,-0.03,-0.06,35.82,0.81,0.0,0.0,0.98,1.33,35.7,0.32
2021-06-09,64062996.0,0.0,-480793.76,-0.74,-25977.29,-0.04,1325793.1,2.11,1.33,32.86,6052324.99,6.96,34.77,31.68,1811152.69,2.91,4481436.06,2.32,10431319.89,32.86,0.96,1.29,-0.02,-0.03,-0.03,-0.06,34.59,-0.76,-0.76,0.0,0.96,1.29,34.77,0.32
2021-06-10,64440522.72,0.0,377526.72,0.59,351549.43,0.55,1703319.82,2.72,1.34,33.64,6429851.71,7.59,35.24,31.62,1665741.99,2.64,4469672.04,1.56,10808846.61,33.64,0.97,1.31,-0.02,-0.03,-0.03,-0.06,35.25,0.57,0.0,0.0,0.97,1.31,35.24,0.32
2021-06-11,64416525.32,0.0,-23997.4,-0.04,327552.03,0.51,1679322.42,2.68,1.34,33.59,6405854.31,7.55,35.06,31.55,2534070.84,4.1,4265070.99,0.9,10784849.21,33.59,0.97,1.31,-0.02,-0.03,-0.03,-0.06,35.03,-0.06,-0.06,0.0,0.97,1.31,35.06,0.32
2021-06-14,64099649.45,0.0,-316875.87,-0.49,-316875.87,-0.49,1362446.55,2.17,1.33,32.93,6088978.44,7.02,34.41,31.49,1924275.05,3.09,3320306.34,-1.69,10467973.34,32.93,0.95,1.28,-0.02,-0.03,-0.03,-0.06,34.18,-0.51,-0.51,0.0,0.95,1.28,34.41,0.31
2021-06-15,63272046.57,0.0,-827602.88,-1.29,-1144478.75,-1.78,534843.67,0.85,1.31,31.22,5261375.56,5.64,32.94,31.46,2103057.46,3.44,2390275.02,-3.28,9640370.46,31.22,0.9,1.22,-0.02,-0.03,-0.03,-0.06,32.24,-1.31,-1.31,0.0,0.9,1.22,32.94,0.31
2021-06-16,62418669.48,0.0,-853377.09,-1.35,-1997855.84,-3.1,-318533.42,-0.51,1.29,29.45,4407998.47,4.21,31.42,31.43,759438.22,1.23,1450200.86,-4.86,8786993.37,29.45,0.86,1.15,-0.02,-0.03,-0.03,-0.06,30.27,-1.37,-1.37,0.0,0.86,1.15,31.42,0.31
2021-06-17,60541653.69,0.0,-1877015.79,-3.01,-3874871.63,-6.02,-2195549.21,-3.5,1.26,25.56,2530982.68,1.08,28.23,31.53,-2306444.96,-3.67,-613429.95,-8.29,6909977.58,25.56,0.75,1.01,-0.03,-0.03,-0.03,-0.06,26.14,-3.02,-3.02,0.0,0.75,1.01,28.23,0.32
2021-06-18,59261912.99,0.0,-1279740.7,-2.11,-5154612.33,-8.0,-3475289.91,-5.54,1.23,22.9,1251241.98,-1.06,25.96,31.54,-5084777.05,-7.9,-1920274.02,-10.31,5630236.88,22.9,0.68,0.91,-0.03,-0.03,-0.03,-0.06,23.31,-2.13,-2.13,0.0,0.68,0.91,25.96,0.32
2021-06-21,60447663.5,-240000.0,1425750.51,2.41,1425750.51,2.41,-2049539.4,-3.27,1.26,25.86,2676992.49,1.32,28.3,31.57,-1943434.09,-3.1,-387813.95,-7.83,7055987.39,25.86,0.75,1.01,-0.03,-0.03,-0.03,-0.06,26.21,2.39,0.0,0.0,0.75,1.01,28.3,0.32
2021-06-22,61119641.17,0.0,671977.67,1.11,2097728.18,3.54,-1377561.73,-2.19,1.27,27.26,3348970.16,2.45,29.3,31.52,-465922.29,-0.75,1035023.08,-4.44,7727965.06,27.26,0.79,1.06,-0.03,-0.03,-0.03,-0.06,27.5,1.09,0.0,0.0,0.79,1.06,29.3,0.32
2021-06-23,61398330.87,0.0,278689.7,0.46,2376417.88,4.02,-1098872.03,-1.75,1.28,27.84,3627659.86,2.92,29.64,31.46,2853228.34,4.86,1728968.47,-2.64,8006654.76,27.84,0.8,1.07,-0.02,-0.03,-0.03,-0.06,27.96,0.44,0.0,0.0,0.8,1.07,29.64,0.31
2021-06-24,62266194.39,0.0,867863.52,1.41,3244281.4,5.49,-231008.51,-0.36,1.3,29.65,4495523.38,4.37,30.94,31.42,3393983.57,5.75,3354599.71,1.36,8874518.28,29.65,0.84,1.13,-0.02,-0.03,-0.03,-0.06,29.65,1.4,0.0,0.0,0.84,1.13,30.94,0.31
2021-06-25,62353442.46,0.0,87248.07,0.14,3331529.47,5.63,-143760.44,-0.22,1.3,29.83,4582771.45,4.52,30.96,31.36,1552295.97,2.56,3512700.56,1.75,8985227.33,30.2,0.84,1.13,-0.02,-0.03,-0.03,-0.06,29.69,0.12,0.0,0.0,0.86,1.15,31.37,0.31
2021-06-28,63253393.25,0.0,899950.79,1.44,899950.79,1.44,756190.35,1.22,1.32,31.7,5482722.24,6.03,32.27,31.32,2508829.75,4.13,5558030.56,7.55,9817353.48,30.99,0.89,1.19,-0.02,-0.03,-0.03,-0.06,31.42,1.43,0.0,0.0,0.87,1.18,31.98,0.31
2021-06-29,63461804.04,0.0,208410.79,0.33,1108361.58,1.78,964601.14,1.56,1.32,32.13,5691133.03,6.38,32.47,31.26,2999985.08,4.96,6326090.33,10.16,9902686.72,29.47,0.89,1.2,-0.02,-0.03,-0.03,-0.06,31.7,0.31,0.0,0.0,0.84,1.13,30.8,0.31
2021-06-30,63729129.25,0.0,267325.21,0.42,1375686.79,2.21,1231926.35,1.98,1.33,32.69,5958458.24,6.82,32.75,31.2,4577370.63,7.73,6629998.33,10.78,10133860.7,29.45,0.91,1.22,-0.02,-0.03,-0.03,-0.06,32.11,0.4,0.0,0.0,0.84,1.13,30.79,0.31
2021-07-01,64215128.89,150000.0,335999.64,0.53,1711686.43,2.75,335999.64,0.53,1.33,33.39,6294457.88,7.39,33.14,31.14,3917154.78,6.51,8273283.07,17.1,10400260.28,29.06,0.92,1.24,-0.02,-0.02,-0.03,-0.06,32.65,0.51,0.0,0.0,0.83,1.11,30.48,0.31
2021-07-02,65112846.08,0.0,897717.19,1.4,2609403.62,4.18,1233716.83,1.93,1.35,35.26,7192175.07,8.89,34.38,31.11,5485951.33,9.21,9059816.22,18.22,11214599.55,29.57,0.96,1.29,-0.02,-0.02,-0.03,-0.06,34.31,1.38,0.0,0.0,0.84,1.13,30.88,0.31
2021-07-05,65197561.35,0.0,84715.27,0.13,84715.27,0.13,1318432.1,2.07,1.35,35.43,7276890.34,9.03,34.37,31.05,4405899.65,7.26,8368795.58,14.88,11381661.17,31.01,0.96,1.3,-0.02,-0.02,-0.03,-0.06,34.33,0.11,0.0,0.0,0.88,1.18,31.98,0.31
2021-07-06,64448727.21,0.0,-748834.14,-1.15,-664118.87,-1.02,569597.96,0.89,1.34,33.88,6528056.2,7.78,33.13,31.01,3427421.23,5.63,7997681.9,14.32,10553493.87,28.3,0.92,1.24,-0.02,-0.02,-0.03,-0.06,32.68,-1.17,-1.17,0.0,0.81,1.09,29.89,0.31
2021-07-07,64724451.83,0.0,275724.62,0.43,-388394.25,-0.6,845322.58,1.32,1.34,34.45,6803780.82,8.24,33.41,30.96,3381050.32,5.53,9637713.7,17.65,10833520.92,28.91,0.93,1.26,-0.02,-0.02,-0.03,-0.06,33.08,0.41,0.0,0.0,0.82,1.11,30.37,0.31
2021-07-08,63425415.91,0.0,-1299035.92,-2.01,-1687430.17,-2.59,-453713.34,-0.71,1.32,31.75,5504744.9,6.07,31.36,30.97,1216453.81,1.97,9734216.9,18.29,9578603.11,26.99,0.87,1.17,-0.02,-0.02,-0.03,-0.06,30.37,-2.02,-2.02,0.0,0.77,1.04,28.88,0.31
2021-07-09,65170464.02,0.0,1745048.11,2.75,57617.94,0.09,1291334.77,2.02,1.35,35.38,7249793.01,8.98,33.87,31.02,2531178.12,4.06,10859398.98,20.15,11282982.26,29.85,0.95,1.28,-0.02,-0.02,-0.03,-0.06,33.67,2.73,0.0,0.0,0.84,1.14,31.15,0.32
2021-07-12,66039050.2,0.0,868586.18,1.33,868586.18,1.33,2159920.95,3.38,1.37,37.18,8118379.19,10.44,35.02,30.98,3391847.3,5.43,12989881.34,24.65,12031446.34,29.75,0.99,1.33,-0.02,-0.02,-0.03,-0.06,35.22,1.31,0.0,0.0,0.84,1.13,31.07,0.32
2021-07-13,65764941.29,0.0,-274108.91,-0.42,594477.27,0.91,1885812.04,2.95,1.37,36.61,7844270.28,9.98,34.49,30.92,2446119.5,3.88,11187578.34,20.66,11784580.78,29.66,0.97,1.31,-0.02,-0.02,-0.03,-0.06,34.54,-0.43,-0.43,0.0,0.84,1.13,31.0,0.32
2021-07-14,65861441.56,0.0,96500.27,0.15,690977.54,1.06,1982312.31,3.1,1.37,36.81,7940770.55,10.14,34.5,30.87,2422972.33,3.84,11080187.95,20.38,11846062.22,29.27,0.97,1.31,-0.02,-0.02,-0.03,-0.06,34.57,0.13,0.0,0.0,0.83,1.12,30.7,0.32
2021-07-15,64979209.02,0.0,-882232.54,-1.34,-191255.0,-0.29,1100079.77,1.72,1.35,34.98,7058538.01,8.66,33.11,30.84,2785310.3,4.5,8641356.08,15.49,11009703.84,28.29,0.93,1.25,-0.02,-0.02,-0.03,-0.06,32.72,-1.36,-1.36,0.0,0.81,1.08,29.95,0.32
2021-07-16,63625805.61,0.0,-1353403.41,-2.08,-1544658.41,-2.37,-253323.64,-0.4,1.32,32.17,5705134.6,6.4,31.02,30.86,-373167.68,-0.56,7782839.58,14.09,9695762.65,26.26,0.86,1.16,-0.02,-0.02,-0.03,-0.06,29.98,-2.1,-2.1,0.0,0.75,1.01,28.37,0.32
2021-07-19,61452781.34,0.0,-2173024.27,-3.42,-2173024.27,-3.42,-2426347.91,-3.8,1.28,27.65,3532110.33,2.77,27.71,30.99,-2470071.27,-3.84,5047210.83,9.09,7392012.86,19.92,0.75,1.01,-0.03,-0.03,-0.03,-0.06,25.7,-3.43,-3.43,0.0,0.59,0.79,23.26,0.32
2021-07-20,63826315.12,0.0,2373533.78,3.86,200509.51,0.32,-52814.13,-0.08,1.33,32.58,5905644.11,6.74,31.21,31.14,-627474.64,-0.95,7480938.94,13.43,9784978.79,24.86,0.86,1.16,-0.03,-0.03,-0.03,-0.06,30.11,3.84,0.0,0.0,0.71,0.96,27.37,0.32
2021-07-21,65280494.25,0.0,1454179.13,2.28,1654688.64,2.6,1401365.0,2.2,1.36,35.6,7359823.24,9.17,33.22,31.16,1307498.25,2.07,8786639.8,15.71,11169150.08,26.57,0.92,1.25,-0.03,-0.03,-0.03,-0.06,32.74,2.26,0.0,0.0,0.76,1.02,28.76,0.32
2021-07-22,66011388.69,0.0,730894.44,1.12,2385583.08,3.75,2132259.44,3.34,1.37,37.12,8090717.68,10.39,34.13,31.11,1660865.97,2.6,11403714.29,21.04,11779798.39,26.07,0.95,1.29,-0.03,-0.02,-0.03,-0.06,33.98,1.1,0.0,0.0,0.74,1.0,28.35,0.32
2021-07-23,67121717.27,0.0,1110328.58,1.68,3495911.66,5.49,3242588.02,5.08,1.39,39.43,9201046.26,12.25,35.56,31.09,2795191.95,4.37,12408085.16,22.84,12828787.79,27.22,1.0,1.35,-0.03,-0.02,-0.03,-0.06,35.91,1.66,0.0,0.0,0.77,1.04,29.27,0.32
2021-07-26,67365154.52,0.0,243437.25,0.36,243437.25,0.36,3486025.27,5.46,1.4,39.93,9444483.51,12.65,35.76,31.03,3355505.07,5.27,11966838.05,21.76,12862920.52,24.45,1.01,1.37,-0.03,-0.02,-0.03,-0.06,36.21,0.34,0.0,0.0,0.7,0.95,27.04,0.32
2021-07-27,66098781.99,0.0,-1266372.53,-1.88,-1022935.28,-1.52,2219652.74,3.48,1.37,37.3,8178110.98,10.54,33.91,31.04,2916735.42,4.64,11846802.92,22.02,11489774.69,20.56,0.95,1.28,-0.03,-0.02,-0.03,-0.06,33.71,-1.9,-1.9,0.0,0.6,0.81,23.88,0.32
2021-07-28,66632016.6,0.0,533234.61,0.81,-489700.67,-0.73,2752887.35,4.31,1.38,38.41,8711345.59,11.43,34.52,30.99,4303347.12,6.92,13692826.1,26.09,11914816.47,19.99,0.97,1.31,-0.03,-0.02,-0.03,-0.06,34.55,0.79,0.0,0.0,0.59,0.79,23.39,0.32
2021-07-29,67108098.65,0.0,476082.05,0.71,-13618.62,-0.02,3228969.4,5.06,1.39,39.4,9187427.64,12.22,35.05,30.94,6656444.96,11.03,14315474.94,27.35,12699473.15,25.4,0.99,1.34,-0.02,-0.02,-0.03,-0.06,35.28,0.7,0.0,0.0,0.73,0.98,27.74,0.32
2021-07-30,66900176.34,0.0,-207922.31,-0.31,-221540.93,-0.33,3021047.09,4.73,1.39,38.97,8979505.33,11.88,34.64,30.88,7728263.35,13.07,13039365.64,24.41,12808392.4,30.03,0.98,1.32,-0.02,-0.02,-0.03,-0.06,34.76,-0.33,-0.33,0.0,0.85,1.15,31.29,0.32
2021-08-02,67107667.05,213000.0,-5509.29,-0.01,-5509.29,-0.01,-5509.29,-0.01,1.39,38.96,8973996.04,11.87,34.51,30.83,6297003.55,10.41,13623426.06,25.79,13298298.87,38.75,0.97,1.32,-0.02,-0.02,-0.03,-0.05,34.6,-0.03,-0.03,0.0,1.07,1.48,37.57,0.31
2021-08-03,67372005.53,0.0,264338.48,0.39,258829.19,0.39,258829.19,0.39,1.4,39.5,9238334.52,12.31,34.74,30.77,5889364.36,9.62,13945330.82,26.43,13361604.63,35.6,0.98,1.33,-0.02,-0.02,-0.03,-0.05,34.94,0.38,0.0,0.0,1.0,1.37,35.24,0.31
2021-08-04,67290518.97,0.0,-81486.56,-0.12,177342.63,0.26,177342.63,0.26,1.39,39.34,9156847.96,12.17,34.51,30.72,5529188.1,8.99,13016427.5,24.27,13234084.69,34.62,0.98,1.32,-0.02,-0.02,-0.03,-0.05,34.65,-0.14,-0.14,0.0,0.97,1.34,34.52,0.31
2021-08-05,67516331.34,0.0,225812.37,0.34,403155.0,0.6,403155.0,0.6,1.4,39.8,9382660.33,12.55,34.69,30.67,4887136.95,7.84,11941440.07,21.73,13468325.05,35.22,0.98,1.33,-0.02,-0.02,-0.03,-0.05,34.91,0.32,0.0,0.0,0.99,1.36,34.96,0.31
2021-08-06,67277403.67,0.0,-238927.67,-0.35,164227.33,0.24,164227.33,0.24,1.39,39.31,9143732.66,12.15,34.25,30.62,4560961.21,7.3,11742198.26,21.39,12930001.21,29.65,0.97,1.32,-0.02,-0.02,-0.03,-0.05,34.34,-0.37,-0.37,0.0,0.86,1.17,30.68,0.31
2021-08-09,67234440.43,0.0,-42963.24,-0.06,-42963.24,-0.06,121264.09,0.18,1.39,39.22,9100769.42,12.08,34.07,30.56,3618047.18,5.71,10432829.96,18.56,12783068.36,27.89,0.97,1.31,-0.02,-0.02,-0.03,-0.05,34.12,-0.08,-0.08,0.0,0.81,1.11,29.3,0.31
2021-08-10,67224261.27,0.0,-10179.16,-0.02,-53142.4,-0.08,111084.93,0.17,1.39,39.2,9090590.26,12.06,33.94,30.51,3399457.23,5.35,10220142.8,18.12,12831034.24,28.8,0.96,1.31,-0.02,-0.02,-0.03,-0.05,33.97,-0.03,-0.03,0.0,0.83,1.14,30.01,0.31
2021-08-11,67244791.61,0.0,20530.34,0.03,-32612.06,-0.05,131615.27,0.2,1.39,39.24,9111120.6,12.1,33.85,30.46,3152662.36,4.94,10291502.53,18.26,12767369.89,27.49,0.96,1.31,-0.02,-0.02,-0.03,-0.05,33.87,0.01,0.0,0.0,0.8,1.09,28.99,0.31
2021-08-12,67381097.93,0.0,136306.32,0.2,103694.26,0.15,267921.59,0.4,1.4,39.52,9247426.92,12.32,33.91,30.4,2952969.04,4.6,9469770.46,16.52,12891340.66,27.56,0.97,1.31,-0.02,-0.02,-0.03,-0.05,33.97,0.18,0.0,0.0,0.8,1.09,29.04,0.31
2021-08-13,67548276.83,0.0,167178.9,0.25,270873.16,0.4,435100.49,0.65,1.4,39.87,9414605.82,12.6,34.01,30.35,2222430.75,3.41,9261223.52,16.04,13153429.69,29.4,0.97,1.32,-0.02,-0.02,-0.03,-0.05,34.12,0.23,0.0,0.0,0.85,1.16,30.46,0.31
2021-08-16,67561560.04,0.0,13283.21,0.02,13283.21,0.02,448383.7,0.67,1.4,39.9,9427889.03,12.62,33.91,30.3,2150998.69,3.3,9630592.38,16.79,13192524.65,29.84,0.97,1.32,-0.02,-0.02,-0.03,-0.05,34.01,0.0,0.0,0.0,0.86,1.18,30.81,0.31
2021-08-17,67150040.95,0.0,-411519.09,-0.61,-398235.88,-0.59,36864.61,0.05,1.39,39.04,9016369.94,11.94,33.26,30.25,2488313.74,3.86,8439791.53,14.51,12648383.71,26.93,0.95,1.29,-0.02,-0.02,-0.03,-0.05,33.17,-0.63,-0.63,0.0,0.79,1.07,28.53,0.3
2021-08-18,66804629.37,0.0,-345411.58,-0.51,-743647.46,-1.1,-308546.97,-0.46,1.38,38.33,8670958.36,11.36,32.7,30.21,1867177.54,2.89,8227752.85,14.19,12541143.1,30.12,0.93,1.27,-0.02,-0.02,-0.03,-0.05,32.44,-0.53,-0.53,0.0,0.87,1.19,30.96,0.3
2021-08-19,66742021.81,0.0,-62607.56,-0.09,-806255.02,-1.19,-371154.53,-0.55,1.38,38.2,8608350.8,11.26,32.51,30.15,3103605.9,4.9,6618803.48,11.11,12465175.42,29.77,0.93,1.26,-0.02,-0.02,-0.03,-0.05,32.21,-0.11,-0.11,0.0,0.86,1.18,30.7,0.3
2021-08-20,17025491.03,-50000000.0,283469.22,0.42,-522785.8,-0.77,-87685.31,-0.13,1.39,38.79,8891820.02,11.73,32.76,30.1,1642027.01,2.52,6492725.75,10.81,12458297.93,25.68,0.94,1.27,-0.02,-0.02,-0.03,-0.05,32.56,0.41,0.0,0.0,0.76,1.03,27.42,0.3
2021-08-23,17640669.0,0.0,615177.97,3.61,615177.97,3.61,527492.66,3.48,1.44,43.8,9506997.99,15.77,35.75,30.23,1388618.8,4.83,7900866.54,16.36,12622814.43,23.39,1.03,1.41,-0.02,-0.02,-0.03,-0.05,36.53,3.6,0.0,0.0,0.7,0.95,25.5,0.3
2021-08-24,17824316.85,0.0,183647.85,1.04,798825.82,4.69,711140.51,4.56,1.45,45.3,9690645.84,16.97,36.52,30.19,1846375.56,6.36,9515072.96,20.5,12796508.5,24.54,1.06,1.45,-0.02,-0.02,-0.03,-0.05,37.6,1.02,0.0,0.0,0.73,0.99,26.43,0.3
2021-08-25,17718771.28,0.0,-105545.57,-0.59,693280.25,4.07,605594.94,3.94,1.44,44.44,9585100.27,16.28,35.89,30.14,1644329.72,5.58,7591319.57,16.11,13284484.5,32.6,1.04,1.42,-0.02,-0.02,-0.03,-0.05,36.76,-0.61,-0.61,0.0,0.96,1.32,32.48,0.29
2021-08-26,17451377.76,0.0,-267393.52,-1.51,425886.73,2.5,338201.42,2.37,1.42,42.26,9317706.75,14.53,34.49,30.13,2259168.74,5.39,8355561.8,16.39,13522308.27,34.29,1.0,1.36,-0.02,-0.02,-0.03,-0.05,34.86,-1.53,-1.53,0.0,1.01,1.39,33.72,0.29
2021-08-27,17966977.21,0.0,515599.45,2.95,941486.18,5.53,853800.87,5.39,1.46,46.46,9833306.2,17.91,36.87,30.19,4128171.6,10.82,6884546.83,15.88,14049160.19,38.35,1.07,1.47,-0.02,-0.02,-0.03,-0.05,38.08,2.94,0.0,0.0,1.11,1.53,36.74,0.29
2021-08-30,18367078.54,0.0,400101.33,2.23,400101.33,2.23,1253902.2,7.74,1.5,49.72,10233407.53,20.54,38.62,30.2,6701297.2,17.29,6156594.32,16.28,14966233.26,45.65,1.13,1.55,-0.01,-0.02,-0.03,-0.05,40.52,2.21,0.0,0.0,1.29,1.79,41.86,0.29
2021-08-31,18177286.16,0.0,-189792.38,-1.03,210308.95,1.17,1064109.82,6.63,1.48,48.18,10043615.15,19.29,37.63,30.17,4137971.04,11.76,5794664.09,14.76,14371957.47,40.86,1.1,1.5,-0.01,-0.02,-0.03,-0.05,39.14,-1.05,-1.05,0.0,1.17,1.63,38.5,0.29
2021-09-01,40893635.96,22700000.0,16349.8,0.09,226658.75,1.26,16349.8,0.09,1.48,48.31,10059964.95,19.4,37.58,30.12,2700141.71,9.37,5818792.65,14.88,14562518.22,42.38,1.1,1.5,-0.01,-0.02,-0.03,-0.05,39.09,0.07,0.0,0.0,1.21,1.68,39.57,0.29
2021-09-02,41007595.2,0.0,113959.24,0.28,340617.99,1.54,130309.04,0.37,1.49,48.72,10173924.19,19.73,37.68,30.07,2083206.51,8.46,5409814.47,14.23,14739796.81,43.3,1.1,1.51,-0.01,-0.02,-0.03,-0.05,39.26,0.26,0.0,0.0,1.23,1.71,40.21,0.29
2021-09-03,41058240.23,0.0,50645.03,0.12,391263.02,1.67,180954.07,0.49,1.49,48.91,10224569.22,19.88,37.66,30.02,1023522.96,6.8,6352785.75,16.03,14496705.71,41.1,1.1,1.51,-0.01,-0.02,-0.03,-0.05,39.25,0.11,0.0,0.0,1.18,1.64,38.65,0.29
2021-09-06,41069293.1,0.0,11052.87,0.03,11052.87,0.03,192006.94,0.52,1.49,48.95,10235622.09,19.91,37.56,29.97,791138.58,6.44,6070918.7,15.51,14385544.11,40.18,1.1,1.51,-0.01,-0.02,-0.03,-0.05,39.13,0.01,0.0,0.0,1.16,1.61,37.99,0.29
2021-09-07,40848044.73,0.0,-221248.37,-0.54,-210195.5,-0.51,-29241.43,-0.02,1.48,48.14,10014373.72,19.26,36.99,29.93,1836262.74,7.89,6856055.62,16.78,14374584.82,41.08,1.09,1.49,-0.01,-0.02,-0.03,-0.05,38.36,-0.56,-0.56,0.0,1.18,1.64,38.63,0.29
2021-09-08,40761880.99,0.0,-86163.74,-0.21,-296359.24,-0.72,-115405.17,-0.23,1.48,47.83,9928209.98,19.01,36.7,29.88,1216864.39,6.81,6279649.73,15.61,14497057.02,42.46,1.08,1.48,-0.01,-0.02,-0.03,-0.05,37.98,-0.23,-0.23,0.0,1.22,1.69,39.6,0.29
2021-09-09,40794274.91,0.0,32393.92,0.08,-263965.32,-0.64,-83011.25,-0.15,1.48,47.95,9960603.9,19.11,36.64,29.83,773176.26,6.13,5123176.26,13.51,14509633.25,42.42,1.08,1.48,-0.01,-0.02,-0.03,-0.05,37.92,0.06,0.0,0.0,1.21,1.69,39.56,0.29
2021-09-10,40423586.7,0.0,-370688.21,-0.91,-634653.53,-1.55,-453699.46,-1.06,1.47,46.6,9589915.69,18.02,35.78,29.8,610410.36,5.49,3253896.66,9.86,14010452.73,40.09,1.05,1.44,-0.01,-0.02,-0.03,-0.05,36.75,-0.93,-0.93,0.0,1.16,1.61,37.92,0.29
2021-09-13,40380633.98,0.0,-42952.72,-0.11,-42952.72,-0.11,-496652.18,-1.17,1.46,46.45,9546962.97,17.9,35.58,29.75,572966.93,5.39,4926536.39,12.75,13751590.41,38.25,1.04,1.43,-0.01,-0.02,-0.03,-0.05,36.5,-0.12,-0.12,0.0,1.11,1.54,36.59,0.29
2021-09-14,40271778.69,0.0,-108855.29,-0.27,-151808.01,-0.38,-605507.47,-1.43,1.46,46.05,9438107.68,17.58,35.25,29.7,199773.16,4.69,5623215.23,13.91,14116833.35,41.64,1.04,1.42,-0.01,-0.02,-0.03,-0.05,36.06,-0.29,-0.29,0.0,1.2,1.67,38.97,0.29
2021-09-15,40777536.69,0.0,505758.0,1.26,353949.99,0.88,-99749.47,-0.19,1.48,47.89,9943865.68,19.06,36.15,29.67,787017.72,6.14,9169434.16,21.31,14643200.84,43.59,1.07,1.46,-0.01,-0.02,-0.03,-0.05,37.31,1.24,0.0,0.0,1.25,1.74,40.35,0.29
2021-09-16,40532323.36,0.0,-245213.33,-0.6,108736.66,0.27,-344962.8,-0.79,1.47,47.0,9698652.35,18.34,35.55,29.63,315992.02,5.15,8597112.54,19.91,14008871.96,39.6,1.05,1.44,-0.01,-0.02,-0.03,-0.05,36.5,-0.62,-0.62,0.0,1.15,1.6,37.51,0.29
2021-09-17,39567623.65,0.0,-964699.71,-2.38,-855963.05,-2.12,-1309662.51,-3.16,1.43,43.5,8733952.64,15.53,33.52,29.67,-409780.02,3.01,5703477.16,13.36,12800084.17,34.42,0.98,1.34,-0.01,-0.02,-0.03,-0.05,33.75,-2.4,-2.4,0.0,1.02,1.41,33.75,0.29
2021-09-20,38190115.98,0.0,-1377507.67,-3.48,-1377507.67,-3.48,-2687170.18,-6.53,1.39,38.5,7356444.97,11.5,30.62,29.8,-1744324.45,-0.51,4382552.48,9.51,11391335.54,29.52,0.88,1.19,-0.02,-0.02,-0.03,-0.05,29.88,-3.5,-3.5,0.0,0.88,1.21,30.09,0.29
2021-09-21,38220053.11,0.0,29937.13,0.08,-1347570.54,-3.41,-2657233.05,-6.45,1.39,38.61,7386382.1,11.59,30.58,29.75,-1704208.16,-0.42,4695234.15,10.11,11401255.9,29.48,0.88,1.19,-0.02,-0.02,-0.03,-0.05,29.85,0.06,0.0,0.0,0.88,1.21,30.06,0.29
2021-09-22,38777759.27,0.0,557706.16,1.46,-789864.38,-2.0,-2099526.89,-5.09,1.41,40.64,7944088.26,13.22,31.65,29.73,-1167032.34,1.0,6563000.65,14.18,11633145.14,29.03,0.91,1.24,-0.02,-0.02,-0.03,-0.05,31.25,1.44,0.0,0.0,0.87,1.2,29.71,0.29
2021-09-23,39075108.39,0.0,297349.12,0.77,-492515.26,-1.24,-1802177.77,-4.36,1.42,41.71,8241437.38,14.09,32.16,29.69,-1005989.54,1.57,5864134.28,13.16,12361039.39,33.06,0.93,1.27,-0.02,-0.02,-0.03,-0.05,31.94,0.75,0.0,0.0,0.98,1.35,32.76,0.29
2021-09-24,38917366.55,0.0,-157741.84,-0.4,-650257.1,-1.64,-1959919.61,-4.75,1.41,41.14,8083695.54,13.63,31.74,29.65,-1330910.28,0.91,6377471.8,13.97,11898626.12,30.37,0.92,1.25,-0.02,-0.02,-0.03,-0.05,31.4,-0.42,-0.42,0.0,0.91,1.25,30.71,0.29
2021-09-27,38508381.12,0.0,-408985.43,-1.05,-408985.43,-1.05,-2368905.04,-5.75,1.4,39.66,7674710.11,12.43,30.81,29.62,-1753178.92,-0.17,4803719.42,10.61,11710654.22,30.54,0.89,1.21,-0.02,-0.02,-0.03,-0.05,30.2,-1.07,-1.07,0.0,0.91,1.26,30.84,0.29
2021-09-28,36292139.64,0.0,-2216241.48,-5.76,-2625226.91,-6.75,-4585146.52,-11.17,1.32,31.62,5458468.63,5.96,26.18,30.03,-3557901.31,-5.34,2357833.66,3.85,9197275.2,21.08,0.72,0.97,-0.03,-0.02,-0.03,-0.05,24.16,-5.77,-5.77,0.0,0.65,0.87,23.48,0.29
2021-09-29,36127108.72,0.0,-165030.92,-0.45,-2790257.83,-7.17,-4750177.44,-11.58,1.31,31.02,5293437.71,5.48,25.74,29.98,-3377520.65,-5.28,1870707.21,2.84,9085001.83,20.87,0.71,0.95,-0.03,-0.02,-0.03,-0.05,23.63,-0.47,-0.47,0.0,0.64,0.86,23.3,0.29
2021-09-30,35935575.55,0.0,-191533.17,-0.53,-2981791.0,-7.66,-4941710.61,-12.05,1.3,30.33,5101904.54,4.92,25.25,29.94,-3506446.26,-5.7,813613.45,0.87,8568776.27,18.18,0.69,0.93,-0.03,-0.02,-0.03,-0.05,23.03,-0.55,-0.55,0.0,0.56,0.76,21.04,0.29
2021-10-01,57026135.72,20385000.0,705560.17,1.96,-2276230.83,-5.85,705560.17,1.96,1.33,32.89,5807464.71,6.98,26.7,29.94,-3084355.31,-4.25,1088849.82,2.15,8779223.0,17.46,0.74,1.0,-0.03,-0.02,-0.03,-0.05,24.84,1.95,0.0,0.0,0.54,0.73,20.41,0.29
2021-10-04,55436662.98,0.0,-1589472.74,-2.79,-1589472.74,-2.79,-883912.57,-0.88,1.29,29.18,4217991.97,4.0,24.45,30.0,-5289006.02,-10.17,-508539.92,-0.71,6843897.7,12.2,0.66,0.89,-0.03,-0.03,-0.03,-0.05,22.04,-2.81,-2.81,0.0,0.39,0.52,15.85,0.29
2021-10-05,56489580.42,0.0,1052917.44,1.9,-536555.3,-0.94,169004.87,1.0,1.32,31.64,5270909.41,5.97,25.85,30.0,-4419736.43,-9.4,-127241.37,0.1,8060757.45,15.28,0.71,0.96,-0.03,-0.03,-0.03,-0.05,23.75,1.88,0.0,0.0,0.48,0.64,18.58,0.29
2021-10-06,56622880.95,0.0,133300.53,0.24,-403254.77,-0.71,302305.4,1.24,1.32,31.95,5404209.94,6.22,25.95,29.95,-4180890.33,-8.65,-113588.28,0.15,7898184.19,13.85,0.72,0.96,-0.03,-0.03,-0.03,-0.05,23.9,0.22,0.0,0.0,0.44,0.58,17.32,0.29
2021-10-07,57469500.9,0.0,846619.95,1.5,443365.18,0.78,1148925.35,2.76,1.34,33.92,6250829.89,7.81,27.02,29.93,-3066876.86,-5.86,1977602.18,3.68,8759318.32,15.63,0.75,1.01,-0.03,-0.03,-0.03,-0.05,25.24,1.48,0.0,0.0,0.49,0.66,18.88,0.29
2021-10-08,57165589.07,0.0,-303911.83,-0.53,139453.35,0.24,845013.52,2.21,1.33,33.21,5946918.06,7.24,26.54,29.89,-3886388.14,-9.05,-131384.22,0.22,8762114.07,16.81,0.74,0.99,-0.03,-0.03,-0.03,-0.05,24.65,-0.55,-0.55,0.0,0.52,0.7,19.88,0.29
2021-10-11,56554144.39,0.0,-611444.68,-1.07,-611444.68,-1.07,233568.84,1.12,1.32,31.79,5335473.38,6.1,25.64,29.86,-4897934.15,-11.98,-666708.22,-0.73,8100495.02,15.27,0.71,0.95,-0.03,-0.03,-0.03,-0.05,23.54,-1.09,-1.09,0.0,0.48,0.64,18.56,0.29
2021-10-12,56400975.09,0.0,-153169.3,-0.27,-764613.98,-1.34,80399.54,0.85,1.31,31.43,5182304.08,5.81,25.35,29.82,-4861311.07,-11.3,-1350814.67,-1.81,8442827.21,17.91,0.7,0.94,-0.03,-0.03,-0.03,-0.05,23.21,-0.29,-0.29,0.0,0.56,0.75,20.79,0.29
2021-10-13,57507743.46,0.0,1106768.37,1.96,342154.39,0.6,1187167.91,2.82,1.34,34.01,6289072.45,7.88,26.77,29.82,-3770892.5,-9.64,236747.46,0.87,9999675.4,23.1,0.75,1.01,-0.03,-0.03,-0.03,-0.05,24.97,1.94,0.0,0.0,0.7,0.95,25.09,0.29
2021-10-14,59691469.05,0.0,2183725.59,3.8,2525879.98,4.42,3370893.5,6.73,1.39,39.1,8472798.04,11.98,29.57,29.95,-1701126.15,-6.47,2042946.33,4.08,11901264.02,25.88,0.84,1.14,-0.03,-0.03,-0.03,-0.05,28.46,3.78,0.0,0.0,0.78,1.06,27.39,0.29
2021-10-15,60382474.96,0.0,691005.91,1.16,3216885.89,5.63,4061899.41,7.96,1.41,40.71,9163803.95,13.28,30.36,29.92,-1060765.27,-5.51,2757949.64,5.33,12817399.41,28.86,0.86,1.17,-0.03,-0.03,-0.03,-0.05,29.49,1.14,0.0,0.0,0.86,1.17,29.72,0.29
2021-10-18,61172374.19,0.0,789899.23,1.31,789899.23,1.31,4851798.64,9.38,1.43,42.55,9953703.18,14.76,31.25,29.89,-281918.91,-4.3,3864724.74,7.23,13298388.08,28.44,0.9,1.22,-0.03,-0.03,-0.03,-0.05,30.67,1.29,0.0,0.0,0.85,1.15,29.4,0.29
2021-10-19,61819673.58,0.0,647299.39,1.06,1437198.62,2.38,5499098.03,10.53,1.44,44.06,10601002.57,15.97,31.96,29.85,586628.85,-2.76,5339627.01,9.78,14725432.53,35.3,0.92,1.25,-0.03,-0.03,-0.03,-0.05,31.6,1.04,0.0,0.0,1.03,1.42,34.52,0.29
2021-10-20,62039710.92,0.0,220037.34,0.36,1657235.96,2.74,5719135.37,10.93,1.45,44.57,10821039.91,16.39,32.13,29.81,892829.93,-2.21,6413041.44,11.68,14886523.05,35.35,0.93,1.26,-0.03,-0.03,-0.03,-0.05,31.84,0.34,0.0,0.0,1.03,1.42,34.55,0.29
2021-10-21,62104557.41,0.0,64846.49,0.1,1722082.45,2.85,5783981.86,11.04,1.45,44.72,10885886.4,16.51,32.11,29.77,925282.5,-2.18,8354903.72,15.26,15756900.9,41.66,0.93,1.26,-0.03,-0.02,-0.03,-0.05,31.84,0.09,0.0,0.0,1.2,1.66,39.02,0.29
2021-10-22,61643163.2,0.0,-461394.21,-0.74,1260688.24,2.09,5322587.65,10.22,1.44,43.65,10424492.19,15.64,31.46,29.73,834576.5,-2.02,9173250.21,16.88,14821073.53,36.93,0.91,1.23,-0.03,-0.02,-0.03,-0.05,31.0,-0.76,-0.76,0.0,1.08,1.5,35.59,0.29
2021-10-25,63337176.09,0.0,1694012.89,2.75,1694012.89,2.75,7016600.54,13.25,1.48,47.59,12118505.08,18.82,33.41,29.77,2571542.11,0.78,9441512.59,17.27,16121519.96,37.79,0.97,1.32,-0.03,-0.02,-0.03,-0.05,33.56,2.73,0.0,0.0,1.1,1.53,36.23,0.29
2021-10-26,63837481.39,0.0,500305.3,0.79,2194318.19,3.56,7516905.84,14.14,1.49,48.76,12618810.38,19.76,33.9,29.74,3180702.7,1.85,9269840.22,16.9,15725611.29,34.08,0.99,1.35,-0.03,-0.02,-0.03,-0.05,34.23,0.77,0.0,0.0,1.01,1.39,33.44,0.29
2021-10-27,63796339.64,0.0,-41141.75,-0.06,2153176.44,3.49,7475764.09,14.07,1.49,48.66,12577668.63,19.68,33.75,29.69,2633802.95,0.52,8950008.77,16.29,14581054.63,28.53,0.99,1.34,-0.03,-0.02,-0.03,-0.05,34.05,-0.08,-0.08,0.0,0.87,1.19,29.12,0.28
2021-10-28,64788667.93,0.0,992328.29,1.56,3145504.73,5.1,8468092.38,15.84,1.51,50.98,13569996.92,21.54,34.8,29.67,3871344.57,2.71,9074473.54,16.45,15762506.82,31.44,1.02,1.39,-0.03,-0.02,-0.03,-0.05,35.46,1.54,0.0,0.0,0.95,1.3,31.37,0.28
2021-10-29,65247592.83,0.0,458924.9,0.71,3604429.63,5.85,8927017.28,16.66,1.52,52.04,14028921.82,22.4,35.22,29.63,5294969.18,5.95,9446150.37,17.11,18444462.52,44.32,1.04,1.41,-0.03,-0.02,-0.03,-0.05,36.05,0.69,0.0,0.0,1.33,1.89,40.36,0.27
2021-11-01,65926251.05,290000.0,388658.22,0.6,388658.22,0.6,388658.22,0.6,1.53,52.95,14417580.04,23.13,35.55,29.59,7061135.07,10.43,8934857.8,16.13,19312392.35,48.06,1.05,1.43,-0.02,-0.02,-0.03,-0.05,36.52,0.58,0.0,0.0,1.43,2.03,42.9,0.27
2021-11-02,66805553.96,0.0,879302.91,1.33,1267961.13,1.94,1267961.13,1.94,1.55,54.99,15296882.95,24.78,36.42,29.57,7910500.85,11.82,9605749.92,17.3,19739901.44,47.28,1.08,1.47,-0.02,-0.02,-0.03,-0.05,37.72,1.32,0.0,0.0,1.41,2.0,42.37,0.27
2021-11-03,67299928.95,0.0,494374.99,0.74,1762336.12,2.69,1762336.12,2.69,1.56,56.14,15791257.94,25.7,36.86,29.53,7847169.68,11.02,9832799.7,17.67,20021414.49,47.1,1.1,1.5,-0.02,-0.02,-0.03,-0.05,38.34,0.72,0.0,0.0,1.4,2.0,42.24,0.27
2021-11-04,69084933.27,0.0,1785004.32,2.65,3547340.44,5.42,3547340.44,5.42,1.6,60.28,17576262.26,29.03,38.68,29.56,9334824.88,13.1,11281804.38,20.16,21569922.67,49.58,1.16,1.58,-0.02,-0.02,-0.03,-0.05,40.86,2.63,0.0,0.0,1.46,2.09,43.94,0.27
2021-11-05,69719862.22,0.0,634928.95,0.92,4182269.39,6.38,4182269.39,6.38,1.62,61.75,18211191.21,30.22,39.23,29.53,10127495.67,14.6,11019016.14,19.59,21810548.12,48.61,1.18,1.61,-0.02,-0.02,-0.03,-0.05,41.66,0.9,0.0,0.0,1.44,2.05,43.29,0.27
2021-11-08,69792344.01,0.0,72481.79,0.1,72481.79,0.1,4254751.18,6.49,1.62,61.92,18283673.0,30.35,39.19,29.49,10608962.89,15.94,11006782.66,19.56,21539207.67,46.78,1.18,1.61,-0.02,-0.02,-0.03,-0.05,41.62,0.09,0.0,0.0,1.39,1.99,42.04,0.27
2021-11-09,69507063.29,0.0,-285280.72,-0.41,-212798.93,-0.31,3969470.46,6.06,1.61,61.26,17998392.28,29.82,38.79,29.45,12539923.65,22.52,11470336.08,20.45,21228655.21,46.04,1.16,1.59,-0.01,-0.02,-0.03,-0.05,41.06,-0.43,-0.43,0.0,1.37,1.96,41.53,0.27
2021-11-10,66470699.34,0.0,-3036363.95,-4.37,-3249162.88,-4.66,933106.51,1.43,1.54,54.21,14962028.33,24.15,35.54,29.65,9668590.62,17.7,8158247.51,14.7,17558354.87,36.31,1.05,1.42,-0.02,-0.03,-0.03,-0.05,36.48,-4.39,-4.39,0.0,1.11,1.56,34.71,0.27
2021-11-11,66636086.25,0.0,165386.91,0.25,-3083775.97,-4.42,1098493.42,1.68,1.55,54.6,15127415.24,24.46,35.62,29.61,10025510.7,18.62,9622670.34,17.34,17336563.01,34.68,1.05,1.43,-0.02,-0.03,-0.03,-0.05,36.6,0.23,0.0,0.0,1.07,1.49,33.49,0.27
2021-11-12,68178012.08,0.0,1541925.83,2.31,-1541850.14,-2.21,2640419.25,4.03,1.58,58.17,16669341.07,27.34,37.17,29.63,10861876.36,19.03,9419548.06,16.84,18287105.13,34.83,1.1,1.5,-0.02,-0.03,-0.03,-0.05,38.73,2.3,0.0,0.0,1.07,1.5,33.6,0.27
2021-11-15,67869001.8,0.0,-309010.28,-0.45,-309010.28,-0.45,2331408.97,3.56,1.57,57.46,16360330.79,26.76,36.74,29.59,12142338.82,21.89,8241951.6,14.78,17435738.17,31.61,1.09,1.48,-0.01,-0.03,-0.03,-0.05,38.15,-0.47,-0.47,0.0,0.98,1.37,31.17,0.27
2021-11-16,68808467.8,0.0,939466.0,1.38,630455.72,0.92,3270874.97,4.99,1.6,59.64,17299796.79,28.52,37.62,29.57,12028887.38,21.27,9455526.51,16.86,18650308.43,34.76,1.12,1.53,-0.01,-0.03,-0.03,-0.05,39.38,1.37,0.0,0.0,1.07,1.5,33.54,0.27
2021-11-17,69132790.61,0.0,324322.81,0.47,954778.53,1.4,3595197.78,5.49,1.6,60.39,17624119.6,29.12,37.85,29.53,12219909.66,21.56,9683349.05,17.23,18903181.0,35.05,1.13,1.54,-0.01,-0.03,-0.03,-0.05,39.71,0.45,0.0,0.0,1.08,1.51,33.75,0.27
2021-11-18,70667228.34,0.0,1534437.73,2.22,2489216.26,3.65,5129635.51,7.83,1.64,63.95,19158557.33,31.99,39.31,29.54,12907727.44,22.42,12100019.32,21.46,19867744.96,35.27,1.18,1.61,-0.01,-0.03,-0.03,-0.05,41.76,2.2,0.0,0.0,1.08,1.52,33.92,0.27
2021-11-19,70801309.64,0.0,134081.3,0.19,2623297.56,3.85,5263716.81,8.03,1.64,64.26,19292638.63,32.24,39.33,29.49,13345720.57,23.31,13587504.03,24.28,20394343.85,37.43,1.18,1.61,-0.01,-0.03,-0.03,-0.05,41.81,0.17,0.0,0.0,1.14,1.6,35.5,0.27
2021-11-22,67616233.69,0.0,-3185075.95,-4.5,-3185075.95,-4.5,2078640.86,3.17,1.57,56.87,16107562.68,26.29,36.07,29.71,10772089.3,19.03,12575452.35,22.89,17818102.06,34.17,1.06,1.44,-0.03,-0.03,-0.03,-0.05,37.17,-4.52,-4.52,0.0,1.05,1.45,33.18,0.27
2021-11-23,65663624.54,0.0,-1952609.15,-2.89,-5137685.1,-7.26,126031.71,0.19,1.52,52.34,14154953.53,22.64,33.94,29.78,8972649.45,15.91,8249309.42,14.9,15892741.3,30.43,0.99,1.34,-0.04,-0.03,-0.03,-0.05,34.27,-2.91,-2.91,0.0,0.94,1.3,30.39,0.28
2021-11-24,66370141.83,0.0,706517.29,1.08,-4431167.81,-6.26,832549.0,1.27,1.54,53.98,14861470.82,23.96,34.6,29.75,8572398.37,14.9,7501647.58,13.55,16118617.07,29.55,1.01,1.37,-0.04,-0.03,-0.03,-0.05,35.16,1.06,0.0,0.0,0.91,1.26,29.71,0.28
2021-11-25,66406327.84,0.0,36186.01,0.05,-4394981.8,-6.21,868735.01,1.33,1.54,54.06,14897656.83,24.03,34.54,29.7,6424858.79,10.76,6806939.15,12.36,16073986.88,29.25,1.01,1.37,-0.04,-0.03,-0.03,-0.05,35.1,0.04,0.0,0.0,0.91,1.25,29.47,0.28
2021-11-26,65429618.67,0.0,-976709.17,-1.47,-5371690.97,-7.59,-107974.16,-0.16,1.52,51.8,13920947.66,22.21,33.43,29.69,4757143.71,7.88,4719901.4,8.87,14609282.38,25.16,0.97,1.32,-0.04,-0.03,-0.03,-0.05,33.61,-1.49,-1.49,0.0,0.79,1.09,26.26,0.28
2021-11-29,67356458.48,0.0,1926839.81,2.94,1926839.81,2.94,1818865.65,2.78,1.56,56.27,15847787.47,25.8,35.37,29.74,5894084.29,9.62,6403303.96,11.67,16156079.39,27.15,1.04,1.41,-0.04,-0.03,-0.03,-0.05,36.21,2.93,0.0,0.0,0.84,1.17,27.86,0.28
2021-11-30,65815385.64,0.0,-1541072.84,-2.29,385766.97,0.59,277792.81,0.43,1.53,52.69,14306714.63,22.93,33.7,29.77,3705712.06,6.0,6128603.65,11.21,15703757.25,29.12,0.98,1.33,-0.04,-0.03,-0.03,-0.05,33.94,-2.31,-2.31,0.0,0.9,1.26,29.35,0.28
2021-12-01,63813475.55,40000.0,-2041910.09,-3.1,-1656143.12,-2.53,-2041910.09,-3.1,1.48,47.96,12264804.54,19.11,31.47,29.85,1443764.63,2.34,3553458.95,6.9,13350035.99,23.72,0.9,1.22,-0.04,-0.03,-0.03,-0.05,30.96,-3.12,-3.12,0.0,0.75,1.03,25.13,0.28
2021-12-02,65045715.86,0.0,1232240.31,1.93,-423902.81,-0.65,-809669.78,-1.23,1.51,50.81,13497044.85,21.41,32.71,29.85,2611158.45,4.21,4309617.21,8.19,14621729.23,26.29,0.95,1.28,-0.04,-0.03,-0.03,-0.05,32.59,1.91,0.0,0.0,0.82,1.13,27.2,0.28
2021-12-03,63332537.05,0.0,-1713178.81,-2.63,-2137081.62,-3.27,-2522848.59,-3.83,1.47,46.84,11783866.04,18.21,30.82,29.9,1359373.85,2.22,2804360.71,5.67,12898476.72,22.92,0.88,1.19,-0.04,-0.03,-0.03,-0.05,30.09,-2.65,-2.65,0.0,0.72,0.99,24.53,0.28
2021-12-06,63815125.78,0.0,482588.73,0.76,482588.73,0.76,-2040259.86,-3.1,1.48,47.96,12266454.77,19.12,31.25,29.86,147949.69,0.25,3292458.73,6.48,12970777.96,22.07,0.9,1.21,-0.04,-0.03,-0.03,-0.05,30.68,0.74,0.0,0.0,0.69,0.96,23.83,0.28
2021-12-07,66898624.27,0.0,3083498.49,4.83,3566087.22,5.63,1043238.63,1.58,1.55,55.11,15349953.26,24.87,34.46,30.07,2731142.88,4.27,6111618.74,11.19,15985689.57,27.66,1.0,1.36,-0.04,-0.03,-0.03,-0.05,34.85,4.81,0.0,0.0,0.85,1.18,28.42,0.28
2021-12-08,66844759.74,0.0,-53864.53,-0.08,3512222.69,5.55,989374.1,1.5,1.55,54.98,15296088.73,24.77,34.31,30.03,2718420.1,4.25,6139240.77,11.23,15400675.53,25.22,0.99,1.35,-0.04,-0.03,-0.03,-0.05,34.66,-0.1,-0.1,0.0,0.78,1.09,26.47,0.28
2021-12-09,65071355.52,0.0,-1773404.22,-2.65,1738818.47,2.75,-784030.12,-1.19,1.51,50.87,13522684.51,21.46,32.42,30.08,-47312.41,-0.07,4140024.18,7.92,14048057.51,23.69,0.93,1.26,-0.04,-0.03,-0.03,-0.05,32.13,-2.67,-2.67,0.0,0.73,1.02,25.27,0.28
2021-12-10,66349731.5,0.0,1278375.98,1.96,3017194.45,4.76,494345.86,0.75,1.54,53.84,14801060.49,23.85,33.66,30.08,772138.67,1.18,5657327.83,10.43,15335845.95,26.16,0.97,1.32,-0.04,-0.03,-0.03,-0.05,33.78,1.95,0.0,0.0,0.8,1.12,27.27,0.28
2021-12-13,65024187.47,0.0,-1325544.03,-2.0,-1325544.03,-2.0,-831198.17,-1.26,1.51,50.76,13475516.46,21.37,32.23,30.09,-942063.58,-1.43,4374747.04,8.29,13945616.75,23.36,0.92,1.25,-0.04,-0.03,-0.03,-0.05,31.87,-2.02,-2.02,0.0,0.72,1.01,25.04,0.28
2021-12-14,63450255.36,0.0,-1573932.11,-2.42,-2899476.14,-4.37,-2405130.28,-3.65,1.47,47.11,11901584.35,18.43,30.52,30.12,-3395298.6,-5.08,2810994.09,5.69,12644038.93,21.53,0.86,1.17,-0.04,-0.03,-0.03,-0.05,29.62,-2.44,-2.44,0.0,0.67,0.93,23.57,0.29
2021-12-15,65616117.78,0.0,2165862.42,3.41,-733613.72,-1.11,-239267.86,-0.37,1.52,52.14,14067446.77,22.48,32.72,30.2,-1723811.17,-2.56,4956326.17,9.26,14658058.24,25.01,0.93,1.27,-0.04,-0.03,-0.03,-0.05,32.47,3.4,0.0,0.0,0.76,1.07,26.45,0.29
2021-12-16,63120330.57,0.0,-2495787.21,-3.8,-3229400.93,-4.87,-2735055.07,-4.15,1.46,46.35,11571659.56,17.82,30.09,30.33,-6004602.7,-8.69,2324232.64,4.89,11970109.55,19.45,0.84,1.15,-0.04,-0.03,-0.03,-0.05,28.99,-3.82,-3.82,0.0,0.6,0.84,21.97,0.29
2021-12-17,62443372.7,0.0,-676957.87,-1.07,-3906358.8,-5.89,-3412012.94,-5.18,1.45,44.78,10894701.69,16.56,29.3,30.31,-7316489.52,-10.49,1480095.87,3.51,11324171.07,18.3,0.82,1.11,-0.04,-0.03,-0.03,-0.05,27.98,-1.09,-1.09,0.0,0.57,0.79,21.01,0.29
2021-12-20,61005553.96,0.0,-1437818.74,-2.3,-1437818.74,-2.3,-4849831.68,-7.37,1.41,41.45,9456882.95,13.87,27.69,30.33,-8826790.05,-12.64,28993.92,1.11,9659289.58,14.67,0.76,1.04,-0.04,-0.03,-0.03,-0.05,25.93,-2.32,-2.32,0.0,0.46,0.64,17.92,0.29
2021-12-21,62749678.75,0.0,1744124.79,2.86,306306.05,0.49,-3105706.89,-4.72,1.45,45.49,11201007.74,17.13,29.51,30.37,-6797384.54,-9.78,2184637.8,4.64,11201007.74,17.13,0.82,1.12,-0.04,-0.03,-0.03,-0.05,28.23,2.84,0.0,0.0,0.53,0.74,20.07,0.29
2021-12-22,63924173.57,0.0,1174494.82,1.87,1480800.87,2.37,-1931212.07,-2.93,1.48,48.21,12375502.56,19.32,30.67,30.37,-2586525.77,-3.89,3704544.2,7.14,12694873.13,20.64,0.86,1.17,-0.03,-0.03,-0.03,-0.05,29.73,1.85,0.0,0.0,0.63,0.88,23.04,0.29
2021-12-23,64334503.49,0.0,410329.92,0.64,1891130.79,3.03,-1520882.15,-2.31,1.49,49.16,12785832.48,20.09,31.02,30.33,-2341582.76,-3.51,4177481.68,7.93,12633041.47,19.56,0.87,1.19,-0.03,-0.03,-0.03,-0.05,30.19,0.62,0.0,0.0,0.6,0.84,22.13,0.29
2021-12-24,64320795.93,0.0,-13707.56,-0.02,1877423.23,3.01,-1534589.71,-2.33,1.49,49.13,12772124.92,20.06,30.92,30.29,-3897216.15,-5.72,3880304.9,7.45,13345053.92,22.41,0.87,1.19,-0.03,-0.03,-0.03,-0.05,30.08,-0.04,-0.04,0.0,0.69,0.96,24.46,0.29
2021-12-27,66126568.08,0.0,1805772.15,2.81,1805772.15,2.81,271182.44,0.41,1.53,53.32,14577897.07,23.43,32.68,30.33,-1782433.72,-2.63,5070899.08,6.62,13921539.4,20.92,0.93,1.27,-0.03,-0.03,-0.03,-0.05,32.37,2.79,0.0,0.0,0.65,0.9,23.2,0.29
2021-12-28,65615478.22,0.0,-511089.86,-0.77,1294682.29,2.01,-239907.42,-0.37,1.52,52.13,14066807.21,22.48,32.09,30.3,-3232989.58,-4.7,4376161.37,4.7,13272241.85,19.46,0.91,1.24,-0.03,-0.03,-0.03,-0.05,31.61,-0.79,-0.79,0.0,0.6,0.84,21.98,0.29
2021-12-29,65258704.87,0.0,-356773.35,-0.54,937908.94,1.46,-596680.77,-0.91,1.51,51.31,13710033.86,21.81,31.65,30.26,-3914085.74,-5.66,4124933.59,4.76,13662416.93,21.69,0.9,1.22,-0.03,-0.03,-0.03,-0.05,31.04,-0.56,-0.56,0.0,0.67,0.93,23.81,0.29
2021-12-30,65209969.52,0.0,-48735.35,-0.07,889173.59,1.38,-645416.12,-0.98,1.51,51.19,13661298.51,21.72,31.52,30.22,-5497258.82,-7.78,4343591.76,6.28,13441615.61,20.93,0.89,1.22,-0.03,-0.03,-0.03,-0.05,30.89,-0.09,-0.09,0.0,0.65,0.9,23.17,0.29
2021-12-31,64588736.33,0.0,-621233.19,-0.95,267940.4,0.42,-1266649.31,-1.93,1.5,49.75,13040065.32,20.56,30.82,30.2,-6252573.31,-8.83,3206759.12,2.25,12231602.15,17.54,0.87,1.19,-0.03,-0.03,-0.03,-0.05,29.99,-0.97,-0.97,0.0,0.55,0.76,20.32,0.29
2022-01-03,62646713.58,0.0,-1942022.75,-3.01,-1942022.75,-3.01,-1942022.75,-3.01,1.45,45.49,-1942022.75,-3.01,28.78,30.26,-5009520.11,-7.4,864635.04,-2.95,10665624.73,15.38,0.82,1.11,-0.03,-0.03,-0.03,-0.05,27.49,-3.02,-3.02,0.0,0.5,0.69,18.5,0.29
2022-01-04,61582819.27,0.0,-1063894.31,-1.7,-3005917.06,-4.66,-3005917.06,-4.66,1.43,42.54,-3005917.06,-4.66,27.6,30.26,-4120805.27,-6.26,-9466.89,-3.61,9991535.51,14.85,0.78,1.06,-0.03,-0.03,-0.03,-0.05,25.74,-1.71,-1.71,0.0,0.48,0.67,18.05,0.29
2022-01-05,57903061.59,0.0,-3679757.68,-5.98,-6685674.74,-10.36,-6685674.74,-10.36,1.34,34.46,-6685674.74,-10.36,23.68,30.61,-8507080.24,-12.81,-3705574.37,-9.45,6331769.59,8.05,0.64,0.87,-0.03,-0.04,-0.03,-0.05,21.02,-5.99,-5.99,0.0,0.27,0.37,12.13,0.3
2022-01-06,57782744.55,0.0,-120317.04,-0.21,-6805991.78,-10.55,-6805991.78,-10.55,1.34,33.72,-6805991.78,-10.55,23.48,30.58,-8663583.29,-13.04,-3939850.65,-9.9,5401875.29,5.06,0.64,0.86,-0.03,-0.04,-0.03,-0.05,20.54,-0.22,-0.22,0.0,0.18,0.24,9.29,0.29
2022-01-07,56812542.85,0.0,-970201.7,-1.68,-7776193.48,-12.05,-7776193.48,-12.05,1.32,31.75,-7776193.48,-12.05,22.35,30.57,-8657075.82,-13.22,-4960697.38,-11.52,3204439.25,-0.56,0.6,0.81,-0.03,-0.04,-0.03,-0.05,19.34,-1.69,-1.69,0.0,-0.01,-0.01,3.73,0.29
2022-01-10,56748537.68,0.0,-64005.17,-0.11,-64005.17,-0.11,-7840198.65,-12.15,1.32,31.85,-7840198.65,-12.15,22.22,30.53,-10647920.8,-15.8,-5035755.42,-11.64,3080779.17,-0.86,0.6,0.8,-0.03,-0.04,-0.03,-0.05,19.35,-0.13,-0.13,0.0,-0.02,-0.03,3.44,0.29
2022-01-11,58360688.21,0.0,1612150.53,2.84,1548145.36,2.73,-6228048.12,-9.65,1.36,35.75,-6228048.12,-9.65,23.98,30.57,-7494697.43,-11.37,-3202356.52,-8.64,4873335.37,2.53,0.65,0.88,-0.03,-0.04,-0.03,-0.05,21.53,2.82,0.0,0.0,0.1,0.13,6.83,0.29
2022-01-12,58828774.17,0.0,468085.96,0.8,2016231.32,3.55,-5759962.16,-8.93,1.37,37.09,-5759962.16,-8.93,24.42,30.54,-4984701.38,-7.81,-2648106.82,-7.71,4712351.69,1.4,0.67,0.9,-0.03,-0.04,-0.03,-0.05,22.23,0.79,0.0,0.0,0.06,0.08,5.71,0.29
2022-01-13,56583668.26,0.0,-2245105.91,-3.82,-228874.59,-0.4,-8005068.07,-12.41,1.32,31.77,-8005068.07,-12.41,21.94,30.66,-8462047.6,-13.01,-4925606.65,-11.31,2629431.03,-1.92,0.59,0.79,-0.04,-0.04,-0.03,-0.05,19.14,-3.83,-3.83,0.0,-0.05,-0.07,2.45,0.3
2022-01-14,56835353.87,0.0,251685.61,0.44,22811.02,0.04,-7753382.46,-12.02,1.33,32.59,-7753382.46,-12.02,22.16,30.62,-6497183.18,-10.26,-4303232.83,-10.1,4361588.3,3.84,0.59,0.8,-0.04,-0.04,-0.03,-0.05,19.55,0.43,0.0,0.0,0.14,0.19,8.02,0.29
2022-01-17,56894566.07,0.0,59212.2,0.1,59212.2,0.1,-7694170.26,-11.93,1.33,33.14,-7694170.26,-11.93,22.17,30.58,-6920559.71,-10.85,-4201067.91,-9.91,4185097.36,3.06,0.59,0.8,-0.04,-0.04,-0.03,-0.05,19.81,0.09,0.0,0.0,0.11,0.15,7.26,0.29
2022-01-18,54372769.33,0.0,-2521796.74,-4.43,-2462584.54,-4.34,-10215967.0,-15.83,1.27,27.1,-10215967.0,-15.83,19.32,30.76,-12525854.94,-18.73,-6614009.36,-13.67,2614526.31,2.0,0.5,0.67,-0.04,-0.04,-0.03,-0.05,16.31,-4.45,-4.45,0.0,0.08,0.1,6.28,0.29
2022-01-19,53582351.53,0.0,-790417.8,-1.45,-3253002.34,-5.73,-11006384.8,-17.05,1.25,25.15,-11006384.8,-17.05,18.36,30.74,-13262408.21,-19.85,-7910185.16,-15.99,735796.87,-3.42,0.47,0.62,-0.04,-0.04,-0.03,-0.05,15.14,-1.47,-1.47,0.0,-0.11,-0.15,0.75,0.29
2022-01-20,52619102.13,0.0,-963249.4,-1.8,-4216251.74,-7.42,-11969634.2,-18.54,1.23,22.75,-11969634.2,-18.54,17.19,30.74,-12452253.39,-19.14,-8628221.23,-16.99,-641053.58,-6.5,0.43,0.57,-0.04,-0.04,-0.03,-0.05,13.71,-1.81,-1.81,0.0,-0.22,-0.3,-2.49,0.29
2022-01-21,50618740.19,0.0,-2000361.94,-3.8,-6216613.68,-10.94,-13969996.14,-21.64,1.18,18.32,-13969996.14,-21.64,14.77,30.85,-15730991.31,-23.71,-9663883.46,-18.21,-2500819.75,-9.62,0.35,0.46,-0.04,-0.04,-0.03,-0.05,11.09,-3.82,-3.82,0.0,-0.33,-0.44,-5.81,0.29
2022-01-24,50453233.56,0.0,-165506.63,-0.33,-165506.63,-0.33,-14135502.77,-21.9,1.18,17.61,-14135502.77,-21.9,14.53,30.82,-14570953.91,-22.41,-8451882.42,-15.53,-3055617.12,-11.11,0.34,0.45,-0.04,-0.04,-0.03,-0.05,10.65,-0.34,-0.34,0.0,-0.39,-0.52,-7.49,0.29
2022-01-25,49036864.17,0.0,-1416369.39,-2.81,-1581876.02,-3.13,-15551872.16,-24.09,1.15,14.69,-15551872.16,-24.09,12.74,30.86,-14413391.19,-22.72,-9898188.94,-17.97,-4652590.16,-14.14,0.28,0.38,-0.04,-0.04,-0.03,-0.05,8.9,-2.82,-2.82,0.0,-0.51,-0.66,-10.92,0.29
2022-01-26,48864223.48,0.0,-172640.69,-0.35,-1754516.71,-3.47,-15724512.85,-24.36,1.15,14.6,-15724512.85,-24.36,12.49,30.82,-16751894.3,-25.53,-10628535.79,-19.44,-5453119.63,-16.23,0.28,0.37,-0.04,-0.04,-0.03,-0.05,8.82,-0.37,-0.37,0.0,-0.59,-0.78,-13.4,0.29
2022-01-27,48028246.97,0.0,-835976.51,-1.71,-2590493.22,-5.12,-16560489.36,-25.65,1.13,13.03,-16560489.36,-25.65,11.4,30.82,-15092083.6,-23.91,-11761861.42,-21.42,-6391524.58,-17.94,0.24,0.32,-0.04,-0.04,-0.03,-0.05,7.88,-1.73,-1.73,0.0,-0.66,-0.86,-15.45,0.29
2022-01-28,50137738.77,0.0,2109491.8,4.39,-481001.42,-0.95,-14450997.56,-22.38,1.18,17.96,-14450997.56,-22.38,14.09,30.97,-12305633.93,-19.71,-9494627.78,-17.64,-4368729.85,-14.59,0.33,0.43,-0.04,-0.04,-0.03,-0.05,10.74,4.38,0.0,0.0,-0.52,-0.68,-11.35,0.3
2022-01-31,52345923.16,0.0,2208184.39,4.4,2208184.39,4.4,-12242813.17,-18.96,1.23,23.2,-12242813.17,-18.96,16.77,31.12,-8659630.8,-14.2,-6877457.96,-13.1,-2347160.48,-11.38,0.41,0.55,-0.04,-0.04,-0.03,-0.05,13.72,4.39,0.0,0.0,-0.39,-0.51,-7.57,0.3
2022-02-01,52867143.65,0.0,521220.49,1.0,2729404.88,5.44,521220.49,1.0,1.24,24.22,-11721592.68,-18.15,17.34,31.09,-9882535.1,-15.76,-4139995.99,-6.87,-1853043.36,-10.58,0.43,0.58,-0.04,-0.04,-0.03,-0.05,14.26,0.98,0.0,0.0,-0.36,-0.47,-6.66,0.3
2022-02-02,53829051.02,0.0,961907.37,1.82,3691312.25,7.36,1483127.86,2.84,1.26,26.26,-10759685.31,-16.66,18.41,31.08,-10095122.55,-15.8,-3013057.7,-4.75,-784426.43,-8.63,0.46,0.62,-0.04,-0.04,-0.03,-0.05,15.37,1.8,0.0,0.0,-0.28,-0.38,-4.49,0.3
2022-02-03,50675237.59,0.0,-3153813.43,-5.86,537498.82,1.07,-1670685.57,-3.19,1.19,18.62,-13913498.74,-21.54,14.78,31.39,-13659265.9,-21.24,-5975337.96,-9.85,-3187380.5,-11.8,0.34,0.46,-0.05,-0.04,-0.03,-0.05,11.01,-5.87,-5.87,0.0,-0.39,-0.51,-7.88,0.31
2022-02-04,51494780.95,0.0,819543.36,1.62,1357042.18,2.7,-851142.21,-1.62,1.21,20.92,-13093955.38,-20.27,15.73,31.37,-12826014.98,-19.95,-5861354.77,-10.15,-1952581.45,-9.1,0.37,0.5,-0.05,-0.04,-0.03,-0.05,12.29,1.6,0.0,0.0,-0.29,-0.38,-4.86,0.31
2022-02-07,51030174.04,0.0,-464606.91,-0.9,-464606.91,-0.9,-1315749.12,-2.51,1.2,19.91,-13558562.29,-20.99,15.15,31.34,-15096394.04,-22.84,-4736488.94,-8.41,-1659420.64,-7.53,0.36,0.47,-0.05,-0.04,-0.03,-0.05,11.69,-0.92,-0.92,0.0,-0.24,-0.31,-3.17,0.3
2022-02-08,51695578.45,0.0,665404.41,1.3,200797.5,0.39,-650344.71,-1.24,1.22,21.56,-12893157.88,-19.96,15.91,31.32,-13919899.77,-21.22,-5124001.97,-8.94,-923163.45,-6.08,0.38,0.51,-0.05,-0.04,-0.03,-0.05,12.59,1.29,0.0,0.0,-0.18,-0.24,-1.62,0.3
2022-02-09,53828115.94,0.0,2132537.49,4.13,2333334.99,4.53,1482192.78,2.83,1.27,27.03,-10760620.39,-16.66,18.36,31.44,-11430588.93,-17.53,-3124765.01,-5.42,2354753.25,1.89,0.46,0.61,-0.05,-0.04,-0.03,-0.05,15.6,4.11,0.0,0.0,0.08,0.11,6.54,0.31
2022-02-10,51497743.85,0.0,-2330372.09,-4.33,2962.9,0.0,-848179.31,-1.62,1.22,21.5,-13090992.48,-20.27,15.71,31.59,-13712225.67,-21.04,-6301757.05,-10.84,584030.14,-0.47,0.37,0.49,-0.05,-0.04,-0.03,-0.05,12.49,-4.35,-4.35,0.0,0.01,0.01,4.26,0.31
2022-02-11,49581019.46,0.0,-1916724.39,-3.72,-1913761.49,-3.72,-2764903.7,-5.28,1.17,17.46,-15007716.87,-23.24,13.42,31.69,-15007716.87,-23.25,-7914569.61,-13.7,-1296111.46,-4.04,0.3,0.4,-0.05,-0.04,-0.04,-0.05,10.19,-3.74,-3.74,0.0,-0.11,-0.14,0.68,0.31
2022-02-14,49464086.63,0.0,-116932.83,-0.24,-116932.83,-0.24,-2881836.53,-5.5,1.17,16.72,-15124649.7,-23.42,13.25,31.65,-13182626.95,-21.06,-7420057.76,-12.98,-105759.19,0.66,0.29,0.39,-0.05,-0.04,-0.03,-0.05,9.75,-0.25,-0.25,0.0,0.04,0.06,5.34,0.31
2022-02-15,50647159.7,0.0,1183073.07,2.39,1066140.24,2.15,-1698763.46,-3.24,1.2,19.8,-13941576.63,-21.59,14.65,31.67,-10935659.57,-17.77,-6083815.39,-10.66,966129.84,2.62,0.34,0.45,-0.05,-0.04,-0.03,-0.05,11.45,2.38,0.0,0.0,0.11,0.15,7.29,0.31
2022-02-16,50996320.76,0.0,349161.06,0.69,1415301.3,2.85,-1349602.4,-2.57,1.21,20.83,-13592415.57,-21.05,15.03,31.63,-6906740.83,-11.94,-6841422.7,-11.77,539554.99,0.27,0.35,0.47,-0.04,-0.04,-0.03,-0.05,11.99,0.67,0.0,0.0,0.03,0.04,4.94,0.31
2022-02-17,48881150.68,0.0,-2115170.08,-4.15,-699868.78,-1.42,-3464772.48,-6.61,1.16,15.98,-15707585.65,-24.32,12.52,31.76,-8901593.87,-15.42,-11140318.37,-18.53,-1197894.63,-3.25,0.27,0.36,-0.04,-0.04,-0.04,-0.05,9.26,-4.16,-4.16,0.0,-0.08,-0.11,1.45,0.31
2022-02-18,48131344.29,0.0,-749806.39,-1.53,-1449675.17,-2.93,-4214578.87,-8.04,1.14,14.22,-16457392.04,-25.48,11.57,31.75,-8681198.56,-15.29,-12581130.67,-20.7,-583393.84,-2.37,0.24,0.32,-0.04,-0.04,-0.04,-0.05,8.24,-1.55,-1.55,0.0,-0.05,-0.07,2.34,0.31
2022-02-21,48141052.23,0.0,9707.94,0.02,9707.94,0.02,-4204870.93,-8.02,1.14,14.02,-16447684.1,-25.46,11.56,31.71,-8607485.45,-15.18,-13361321.96,-21.7,821853.22,0.19,0.24,0.32,-0.04,-0.04,-0.04,-0.05,8.11,0.0,0.0,0.0,0.03,0.04,4.89,0.31
2022-02-22,47518944.83,0.0,-622107.4,-1.29,-612399.46,-1.27,-4826978.33,-9.21,1.13,12.53,-17069791.5,-26.42,10.77,31.69,-10841743.38,-18.59,-14630728.75,-23.53,-420120.21,-2.23,0.21,0.28,-0.04,-0.04,-0.04,-0.05,7.25,-1.31,-1.31,0.0,-0.05,-0.07,2.45,0.31
2022-02-23,46212516.59,0.0,-1306428.24,-2.75,-1918827.7,-3.98,-6133406.57,-11.71,1.1,9.89,-18376219.74,-28.44,9.12,31.72,-12616257.58,-21.45,-16157194.33,-25.89,-464652.27,-2.66,0.16,0.21,-0.04,-0.04,-0.04,-0.05,5.74,-2.77,-2.77,0.0,-0.06,-0.09,2.02,0.31
2022-02-24,47557489.91,0.0,1344973.32,2.91,-573854.38,-1.19,-4788433.25,-9.14,1.13,13.2,-17031246.42,-26.36,10.81,31.76,-9026178.35,-15.96,-14877067.5,-23.81,-647873.04,-2.63,0.21,0.28,-0.04,-0.04,-0.04,-0.05,7.59,2.89,0.0,0.0,-0.06,-0.09,2.05,0.31
2022-02-25,48636194.93,0.0,1078705.02,2.27,504850.64,1.05,-3709728.23,-7.08,1.16,15.56,-15952541.4,-24.69,12.12,31.77,-8199158.94,-14.43,-13336968.27,-21.51,226941.32,-0.79,0.26,0.34,-0.04,-0.04,-0.04,-0.05,8.89,2.25,0.0,0.0,-0.0,-0.0,3.95,0.31
2022-02-28,49273423.78,0.0,637228.85,1.31,637228.85,1.31,-3072499.38,-5.86,1.18,17.52,-15315312.55,-23.7,12.86,31.75,-7621142.29,-13.39,-14393752.31,-22.6,-692429.16,-2.26,0.28,0.37,-0.04,-0.04,-0.04,-0.05,9.95,1.29,0.0,0.0,-0.05,-0.07,2.42,0.31
2022-03-01,49062651.48,0.0,-210772.3,-0.43,426456.55,0.88,-210772.3,-0.43,1.17,17.5,-15526084.85,-24.03,12.58,31.72,-5310117.85,-9.76,-15104829.91,-23.54,-408314.55,-1.82,0.27,0.36,-0.04,-0.04,-0.04,-0.05,9.91,-0.44,-0.44,0.0,-0.04,-0.05,2.87,0.31
2022-03-02,50657340.87,0.0,1594689.39,3.25,2021145.94,4.16,1383917.09,2.81,1.21,20.8,-13931395.46,-21.56,14.45,31.77,-2925010.66,-5.46,-13468998.77,-21.01,623770.36,0.36,0.33,0.44,-0.04,-0.04,-0.04,-0.05,11.68,3.23,0.0,0.0,0.04,0.05,5.11,0.31
2022-03-03,49818830.28,0.0,-838510.59,-1.66,1182635.35,2.44,545406.5,1.11,1.19,19.0,-14769906.05,-22.86,13.45,31.76,-2800271.85,-5.32,-15299837.65,-23.51,-154545.9,-1.2,0.3,0.4,-0.04,-0.04,-0.04,-0.05,10.68,-1.67,-1.67,0.0,-0.01,-0.02,3.56,0.31
2022-03-04,49620091.14,0.0,-198739.14,-0.4,983896.21,2.03,346667.36,0.71,1.19,18.53,-14968645.19,-23.17,13.19,31.73,-998649.05,-1.98,-15957501.69,-24.36,-501763.31,-1.85,0.29,0.39,-0.04,-0.04,-0.04,-0.05,10.4,-0.41,-0.41,0.0,-0.04,-0.05,2.9,0.31
2022-03-07,47748425.99,0.0,-1871665.15,-3.77,-1871665.15,-3.77,-1524997.79,-3.09,1.15,14.51,-16840310.34,-26.07,10.97,31.83,-2704807.57,-5.37,-18217825.06,-27.64,-487248.41,-2.29,0.22,0.29,-0.04,-0.04,-0.04,-0.05,8.19,-3.79,-3.79,0.0,-0.05,-0.07,2.47,0.31
2022-03-08,48031629.28,0.0,283203.29,0.59,-1588461.86,-3.2,-1241794.5,-2.52,1.16,15.68,-16557107.05,-25.63,11.29,31.79,-1005234.89,-2.05,-18813924.68,-28.17,-310002.83,-1.89,0.23,0.3,-0.04,-0.04,-0.04,-0.05,8.81,0.58,0.0,0.0,-0.04,-0.05,2.87,0.31
2022-03-09,48320645.31,0.0,289016.03,0.6,-1299445.83,-2.62,-952778.47,-1.93,1.17,16.7,-16268091.02,-25.18,11.61,31.76,-543578.17,-1.12,-19019283.64,-28.27,-705671.16,-2.52,0.24,0.32,-0.04,-0.04,-0.04,-0.05,9.34,0.59,0.0,0.0,-0.06,-0.08,2.22,0.31
2022-03-10,23759431.67,0.0,-24561213.64,-50.83,-25860659.47,-52.12,-25513992.11,-51.78,0.58,-42.47,-40829304.66,-63.21,-17.73,49.99,-24268815.3,-50.53,-45365501.6,-65.64,-24120547.4,-51.05,-0.43,-0.48,-0.05,-0.04,-0.04,-0.06,-27.3,-50.85,-50.85,0.26,-0.85,-0.91,-46.52,0.59
2022-03-11,22979645.55,0.0,-779786.12,-3.28,-26640445.59,-53.69,-26293778.23,-53.36,0.56,-43.9,-41609090.78,-64.42,-19.58,49.99,-27158093.22,-54.17,-46780216.67,-67.07,-23587544.95,-51.47,-0.47,-0.52,-0.05,-0.04,-0.04,-0.06,-28.29,-3.3,-3.3,0.0,-0.86,-0.92,-47.35,0.59
2022-03-14,22968046.42,0.0,-11599.13,-0.05,-11599.13,-0.05,-26305377.36,-53.38,0.56,-44.03,-41620689.91,-64.44,-19.56,49.93,-29377876.74,-56.12,-46864297.59,-67.12,-23452577.29,-51.35,-0.47,-0.52,-0.05,-0.04,-0.04,-0.06,-28.33,-0.07,-0.07,0.0,-0.86,-0.92,-47.12,0.59
2022-03-15,24339188.11,0.0,1371141.69,5.97,1359542.56,5.92,-24934235.67,-50.6,0.59,-40.66,-40249548.22,-62.32,-16.1,50.09,-28527955.54,-53.96,-45207875.18,-65.01,-23149622.59,-49.49,-0.4,-0.44,-0.05,-0.04,-0.04,-0.06,-25.83,5.95,0.0,0.0,-0.79,-0.85,-43.2,0.6
2022-03-16,26422224.03,0.0,2083035.92,8.56,3442578.48,14.99,-22851199.75,-46.37,0.64,-35.95,-38166512.3,-59.1,-11.17,50.45,-27406826.99,-50.92,-40088475.31,-60.28,-20477016.96,-44.55,-0.3,-0.34,-0.05,-0.04,-0.04,-0.06,-22.48,8.54,0.0,0.0,-0.62,-0.67,-33.53,0.6
2022-03-17,27720419.01,0.0,1298194.98,4.91,4740773.46,20.64,-21553004.77,-43.74,0.67,-32.86,-36868317.32,-57.09,-8.34,50.53,-22954818.58,-45.3,-38955667.24,-58.44,-19121255.7,-41.76,-0.24,-0.27,-0.04,-0.04,-0.04,-0.06,-20.32,4.9,0.0,0.0,-0.54,-0.58,-28.51,0.61
2022-03-18,28584995.59,0.0,864576.58,3.12,5605350.04,24.4,-20688428.19,-41.99,0.69,-30.91,-36003740.74,-55.75,-6.55,50.53,-22909785.36,-44.49,-39633016.49,-58.11,-19104095.88,-40.89,-0.21,-0.23,-0.04,-0.04,-0.04,-0.06,-18.97,3.1,0.0,0.0,-0.51,-0.56,-27.0,0.61
2022-03-21,28516089.06,0.0,-68906.53,-0.24,-68906.53,-0.24,-20757334.72,-42.13,0.69,-31.17,-36072647.27,-55.86,-6.68,50.48,-22514084.98,-44.12,-39392912.74,-58.02,-20473802.21,-42.43,-0.21,-0.24,-0.04,-0.04,-0.04,-0.06,-19.1,-0.26,-0.26,0.0,-0.56,-0.6,-29.67,0.61
2022-03-22,29451447.7,0.0,935358.64,3.28,866452.11,3.03,-19821976.08,-40.23,0.71,-28.74,-35137288.63,-54.41,-4.8,50.48,-22244130.75,-43.03,-39397020.1,-57.23,-19498757.71,-40.5,-0.17,-0.2,-0.04,-0.04,-0.04,-0.06,-17.46,3.26,0.0,0.0,-0.5,-0.54,-26.32,0.61
2022-03-23,28947323.91,0.0,-504123.79,-1.71,362328.32,1.27,-20326099.87,-41.25,0.7,-30.22,-35641412.42,-55.19,-5.76,50.44,-24880792.03,-46.23,-40225466.7,-58.16,-21269286.56,-42.84,-0.19,-0.22,-0.04,-0.04,-0.04,-0.06,-18.39,-1.73,-1.73,0.0,-0.57,-0.61,-30.34,0.61
2022-03-24,30289134.92,0.0,1341811.01,4.64,1704139.33,5.96,-18984288.86,-38.53,0.73,-26.76,-34299601.41,-53.11,-3.13,50.5,-21208608.93,-41.19,-40418093.42,-57.17,-20129983.55,-40.41,-0.14,-0.16,-0.04,-0.04,-0.04,-0.06,-16.1,4.62,0.0,0.0,-0.49,-0.54,-26.06,0.61
2022-03-25,30322850.26,0.0,33715.34,0.11,1737854.67,6.08,-18950573.52,-38.46,0.73,-26.92,-34265886.07,-53.06,-3.06,50.45,-19258169.2,-38.84,-40518459.38,-57.2,-20045438.82,-40.28,-0.14,-0.16,-0.04,-0.04,-0.04,-0.06,-16.17,0.1,0.0,0.0,-0.49,-0.53,-25.86,0.61
2022-03-28,30990770.06,0.0,667919.8,2.2,667919.8,2.2,-18282653.72,-37.1,0.75,-25.39,-33597966.27,-52.03,-1.82,50.42,-18473316.57,-37.35,-36665463.63,-54.2,-20335557.41,-40.0,-0.12,-0.13,-0.04,-0.04,-0.04,-0.06,-15.16,2.19,0.0,0.0,-0.48,-0.53,-25.37,0.61
2022-03-29,31958334.66,0.0,967564.6,3.12,1635484.4,5.39,-17315089.12,-35.14,0.77,-22.66,-32630401.67,-50.53,-0.07,50.42,-18688825.04,-36.9,-33745289.88,-51.37,-19743718.65,-38.53,-0.08,-0.09,-0.04,-0.04,-0.04,-0.06,-13.4,3.11,0.0,0.0,-0.44,-0.48,-22.91,0.61
2022-03-30,31624328.23,0.0,-334006.43,-1.05,1301477.97,4.29,-17649095.55,-35.82,0.76,-23.8,-32964408.1,-51.05,-0.65,50.37,-19371992.53,-37.99,-34785813.6,-52.39,-19721639.43,-38.79,-0.09,-0.1,-0.04,-0.04,-0.04,-0.06,-14.09,-1.06,-1.06,0.0,-0.45,-0.49,-23.34,0.61
2022-03-31,30099089.66,0.0,-1525238.57,-4.82,-223760.6,-0.74,-19174334.12,-38.92,0.72,-27.67,-34489646.67,-53.41,-3.34,50.44,-18782061.02,-38.43,-36347238.18,-54.71,-22026159.76,-42.53,-0.15,-0.16,-0.04,-0.04,-0.04,-0.06,-16.52,-4.84,-4.84,0.0,-0.55,-0.6,-29.52,0.61
2022-04-01,30057724.7,0.0,-41364.96,-0.14,-265125.56,-0.88,-41364.96,-0.14,0.72,-28.1,-34531011.63,-53.47,-3.41,50.38,-18073619.59,-37.56,-35411893.97,-54.1,-21934151.82,-42.48,-0.15,-0.17,-0.04,-0.04,-0.04,-0.06,-16.77,-0.15,-0.15,0.0,-0.55,-0.6,-29.43,0.61
2022-04-04,31761653.98,0.0,1703929.28,5.67,1703929.28,5.67,1662564.32,5.52,0.76,-23.92,-32827082.35,-50.83,-0.26,50.51,-16379398.25,-34.03,-35634804.5,-52.88,-21776564.35,-40.8,-0.08,-0.1,-0.04,-0.04,-0.04,-0.06,-14.08,5.65,0.0,0.0,-0.5,-0.54,-26.44,0.61
2022-04-05,29734835.86,0.0,-2026818.12,-6.38,-322888.84,-1.07,-364253.8,-1.21,0.71,-28.85,-34853900.47,-53.97,-3.79,50.67,-17784108.97,-37.43,-36120549.78,-54.85,-24212929.42,-44.96,-0.15,-0.17,-0.06,-0.05,-0.04,-0.06,-17.18,-6.4,-6.4,0.0,-0.61,-0.66,-33.51,0.62
2022-04-06,28075505.71,0.0,-1659330.15,-5.58,-1982218.99,-6.59,-2023583.95,-6.72,0.67,-32.96,-36513230.62,-56.54,-6.86,50.79,-18137010.88,-39.25,-35737969.84,-56.01,-25079296.75,-47.33,-0.21,-0.24,-0.06,-0.05,-0.04,-0.06,-19.83,-5.6,-5.6,0.0,-0.67,-0.74,-37.76,0.62
2022-04-07,28282086.49,0.0,206580.78,0.74,-1775638.21,-5.9,-1817003.17,-6.03,0.67,-32.51,-36306649.84,-56.22,-6.44,50.73,-19275403.42,-40.54,-36763629.37,-56.52,-23442157.4,-45.62,-0.21,-0.23,-0.06,-0.05,-0.04,-0.06,-19.49,0.72,0.0,0.0,-0.62,-0.68,-34.59,0.62
2022-04-08,27861031.34,0.0,-421055.15,-1.49,-2196693.36,-7.3,-2238058.32,-7.43,0.66,-34.0,-36727704.99,-56.87,-7.25,50.69,-20775163.59,-42.72,-35471505.71,-56.01,-25681420.37,-48.07,-0.22,-0.25,-0.06,-0.05,-0.04,-0.06,-20.44,-1.5,-1.5,0.0,-0.7,-0.76,-39.24,0.62
2022-04-11,26099049.01,0.0,-1761982.33,-6.32,-1761982.33,-6.32,-4000040.65,-13.28,0.62,-38.17,-38489687.32,-59.6,-10.7,50.85,-23174374.77,-47.04,-37716076.77,-59.11,-26411766.95,-50.49,-0.29,-0.33,-0.06,-0.06,-0.04,-0.06,-23.2,-6.34,-6.34,0.0,-0.77,-0.84,-43.82,0.62
2022-04-12,26326447.49,0.0,227398.48,0.87,-1534583.85,-5.5,-3772642.17,-12.52,0.63,-37.46,-38262288.84,-59.25,-10.2,50.8,-22736203.99,-46.34,-40572176.78,-60.65,-28170982.89,-51.71,-0.28,-0.31,-0.06,-0.06,-0.04,-0.06,-22.67,0.86,0.0,0.0,-0.81,-0.88,-46.36,0.62
2022-04-13,27981279.6,0.0,1654832.11,6.29,120248.26,0.44,-2117810.06,-7.02,0.67,-33.04,-36607456.73,-56.69,-6.74,50.96,-22676061.27,-44.76,-38863480.14,-58.14,-27644204.62,-49.61,-0.21,-0.24,-0.06,-0.06,-0.04,-0.06,-19.69,6.27,0.0,0.0,-0.74,-0.81,-41.94,0.62
2022-04-14,26616910.66,0.0,-1364368.94,-4.88,-1244120.68,-4.46,-3482179.0,-11.55,0.64,-36.27,-37971825.67,-58.8,-9.39,51.03,-23201919.62,-46.57,-38454444.86,-59.1,-29180711.41,-52.2,-0.26,-0.3,-0.06,-0.06,-0.04,-0.06,-21.79,-4.89,-4.89,0.0,-0.82,-0.89,-47.1,0.62
2022-04-15,26617345.88,0.0,435.22,0.0,-1243685.46,-4.46,-3481743.78,-11.55,0.64,-36.0,-37971390.45,-58.8,-9.37,50.97,-23002745.26,-46.36,-39732385.62,-59.89,-29172497.43,-52.2,-0.26,-0.3,-0.06,-0.06,-0.04,-0.06,-21.56,-0.01,-0.01,0.0,-0.82,-0.89,-47.09,0.62
2022-04-18,26871755.69,0.0,254409.81,0.96,254409.81,0.96,-3227333.97,-10.7,0.65,-35.39,-37716980.64,-58.41,-8.83,50.92,-20876670.3,-43.72,-38152431.78,-58.68,-29441025.04,-52.15,-0.25,-0.28,-0.06,-0.06,-0.04,-0.06,-21.12,0.94,0.0,0.0,-0.82,-0.89,-46.98,0.62
2022-04-19,27646444.53,0.0,774688.84,2.88,1029098.65,3.87,-2452645.13,-8.13,0.67,-33.13,-36942291.8,-57.21,-7.24,50.91,-20385184.75,-42.44,-35803810.83,-56.43,-27774009.95,-50.05,-0.22,-0.25,-0.06,-0.06,-0.04,-0.06,-19.59,2.87,0.0,0.0,-0.75,-0.82,-42.66,0.63
2022-04-20,27026568.75,0.0,-619875.78,-2.24,409222.87,1.54,-3072520.91,-10.19,0.65,-34.5,-37562167.58,-58.17,-8.44,50.88,-21294076.56,-44.06,-38589549.03,-58.81,-28686805.65,-51.4,-0.24,-0.28,-0.06,-0.06,-0.04,-0.06,-20.45,-2.26,-2.26,0.0,-0.79,-0.86,-45.38,0.63
2022-04-21,25208726.99,0.0,-1817841.76,-6.73,-1408618.89,-5.29,-4890362.67,-16.23,0.61,-39.37,-39380009.34,-60.98,-12.05,51.07,1449295.32,6.11,-37911603.58,-60.06,-29498262.12,-53.92,-0.31,-0.35,-0.06,-0.06,-0.04,-0.06,-23.66,-6.74,-6.74,0.0,-0.87,-0.95,-50.49,0.63
2022-04-22,22983200.2,0.0,-2225526.79,-8.83,-3634145.68,-13.65,-7115889.46,-23.63,0.56,-44.39,-41605536.13,-64.42,-16.78,51.42,3554.65,0.02,-39460172.5,-63.2,-32214031.06,-58.33,-0.4,-0.45,-0.07,-0.06,-0.04,-0.07,-27.09,-8.84,-8.84,0.01,-1.01,-1.1,-60.12,0.63
2022-04-25,23087496.28,0.0,104296.08,0.45,104296.08,0.45,-7011593.38,-23.28,0.56,-43.75,-41501240.05,-64.26,-16.5,51.36,119449.86,0.52,-37918057.68,-62.16,-33298602.37,-58.93,-0.4,-0.45,-0.07,-0.06,-0.04,-0.07,-26.59,0.44,0.0,0.0,-1.03,-1.13,-61.6,0.63
2022-04-26,21268070.0,0.0,-1819426.28,-7.88,-1715130.2,-7.47,-8831019.66,-29.33,0.52,-48.41,-43320666.33,-67.08,-20.7,51.63,-3071118.11,-12.62,-41481608.75,-66.11,-36616620.04,-63.05,-0.48,-0.54,-0.07,-0.06,-0.05,-0.07,-29.88,-7.9,-7.9,0.01,-1.19,-1.29,-71.86,0.64
2022-04-27,21440828.4,0.0,172758.4,0.81,-1542371.8,-6.72,-8658261.26,-28.76,0.52,-47.58,-43147907.93,-66.81,-20.22,51.58,-4981395.63,-18.86,-42483345.17,-66.46,-34728269.19,-61.73,-0.47,-0.53,-0.07,-0.06,-0.05,-0.07,-29.22,0.8,0.0,0.0,-1.13,-1.23,-68.38,0.64
2022-04-28,23329714.16,0.0,1888885.76,8.81,346513.96,1.5,-6769375.5,-22.48,0.57,-43.42,-41259022.17,-63.89,-15.47,51.93,-4390704.85,-15.84,-41004789.33,-63.74,-32033849.3,-57.81,-0.37,-0.42,-0.07,-0.06,-0.05,-0.07,-26.22,8.79,0.0,0.0,-0.97,-1.06,-58.28,0.64
2022-04-29,20869874.24,0.0,-2459839.92,-10.54,-2113325.96,-9.2,-9229215.42,-30.65,0.51,-49.01,-43718862.09,-67.7,-21.06,52.44,-7715121.35,-26.99,-43450921.69,-67.56,-31453228.29,-60.31,-0.48,-0.54,-0.08,-0.07,-0.05,-0.08,-30.15,-10.56,-10.56,0.01,-1.04,-1.14,-63.9,0.65
2022-05-02,21360292.59,0.0,490418.35,2.35,490418.35,2.35,490418.35,2.35,0.52,-47.8,-43228443.74,-66.94,-19.76,52.41,-7155796.47,-25.09,-44766275.49,-67.7,-31289918.23,-59.6,-0.45,-0.51,-0.08,-0.07,-0.05,-0.08,-29.22,2.33,0.0,0.0,-1.02,-1.11,-62.11,0.65
2022-05-03,21516360.5,0.0,156067.91,0.73,646486.26,3.1,646486.26,3.1,0.52,-47.62,-43072375.83,-66.7,-19.33,52.36,-7935087.2,-26.94,-44099117.72,-67.21,-33062785.99,-60.59,-0.45,-0.5,-0.08,-0.07,-0.05,-0.08,-29.04,0.71,0.0,0.0,-1.06,-1.15,-64.64,0.65
2022-05-04,23223590.57,0.0,1707230.07,7.93,2353716.33,11.28,2353716.33,11.28,0.56,-43.87,-41365145.76,-64.06,-15.09,52.63,-5723733.34,-19.78,-42035114.3,-64.42,-31298972.93,-57.42,-0.36,-0.41,-0.08,-0.07,-0.05,-0.08,-26.34,7.92,0.0,0.0,-0.92,-1.02,-56.62,0.66
2022-05-05,20968382.12,0.0,-2255208.45,-9.71,98507.88,0.47,98507.88,0.47,0.51,-49.44,-43620354.21,-67.55,-20.19,53.04,-9320752.8,-30.78,-44241587.4,-67.85,-33271436.84,-61.38,-0.46,-0.52,-0.09,-0.07,-0.05,-0.09,-30.25,-9.73,-9.73,0.01,-1.05,-1.16,-65.87,0.66
2022-05-06,20347942.91,0.0,-620439.21,-2.96,-521931.33,-2.5,-521931.33,-2.5,0.49,-50.51,-44240793.42,-68.51,-21.71,53.02,-9974907.35,-32.9,-44240793.42,-68.51,-32581815.71,-61.7,-0.48,-0.55,-0.09,-0.07,-0.05,-0.09,-30.98,-2.97,-2.97,0.0,-1.07,-1.17,-66.67,0.66
2022-05-09,18496200.98,0.0,-1851741.93,-9.1,-1851741.93,-9.1,-2373673.26,-11.37,0.45,-55.46,-46092535.35,-71.38,-26.45,53.37,-12494569.08,-40.32,-44150512.6,-70.48,-35429773.13,-65.76,-0.57,-0.64,-0.09,-0.08,-0.05,-0.09,-34.65,-9.12,-9.12,0.01,-1.22,-1.34,-77.45,0.67
2022-05-10,18778985.2,0.0,282784.22,1.53,-1568957.71,-7.71,-2090889.04,-10.01,0.46,-54.31,-45809751.13,-70.94,-25.59,53.33,-13179349.46,-41.24,-42803834.07,-69.51,-34475909.55,-64.84,-0.55,-0.63,-0.09,-0.08,-0.05,-0.09,-33.72,1.51,0.0,0.0,-1.18,-1.29,-74.81,0.67
2022-05-11,18281041.11,0.0,-497944.09,-2.65,-2066901.8,-10.16,-2588833.13,-12.4,0.45,-55.22,-46307695.22,-71.71,-26.93,53.3,-13343287.12,-42.19,-39622020.48,-68.44,-36138620.59,-66.43,-0.58,-0.66,-0.09,-0.08,-0.05,-0.09,-34.36,-2.67,-2.67,0.0,-1.25,-1.37,-79.41,0.67
2022-05-12,18215477.7,0.0,-65563.41,-0.36,-2132465.21,-10.48,-2654396.54,-12.71,0.45,-55.16,-46373258.63,-71.81,-27.06,53.25,-11883611.96,-39.48,-39567266.85,-68.48,-36433828.28,-66.68,-0.58,-0.66,-0.09,-0.08,-0.05,-0.09,-34.25,-0.37,-0.37,0.0,-1.26,-1.38,-80.15,0.67
2022-05-13,19326403.37,0.0,1110925.67,6.1,-1021539.54,-5.02,-1543470.87,-7.39,0.48,-52.26,-45262332.96,-70.09,-23.82,53.38,-10731321.33,-35.7,-37486139.48,-65.99,-35644998.14,-64.83,-0.52,-0.59,-0.09,-0.08,-0.05,-0.09,-32.0,6.08,0.0,0.0,-1.17,-1.29,-74.58,0.67
2022-05-16,19360502.76,0.0,34099.39,0.18,34099.39,0.18,-1509371.48,-7.23,0.48,-51.92,-45228233.57,-70.04,-23.68,53.33,-12401151.22,-39.04,-37388034.92,-65.89,-36476459.34,-65.26,-0.52,-0.59,-0.09,-0.08,-0.05,-0.09,-31.7,0.16,0.0,0.0,-1.19,-1.31,-75.81,0.67
2022-05-17,20019254.09,0.0,658751.33,3.4,692850.72,3.59,-850620.15,-4.07,0.5,-50.37,-44569482.24,-69.02,-21.86,53.33,-9715581.77,-32.67,-38341434.12,-65.7,-36248031.81,-64.32,-0.48,-0.55,-0.09,-0.08,-0.05,-0.09,-30.51,3.39,0.0,0.0,-1.15,-1.26,-73.1,0.67
2022-05-18,18121131.09,0.0,-1898123.0,-9.48,-1205272.28,-6.23,-2748743.15,-13.17,0.45,-54.74,-46467605.24,-71.96,-26.74,53.7,-9954374.62,-35.46,-40707643.08,-69.2,-38154071.81,-67.71,-0.57,-0.65,-0.1,-0.09,-0.06,-0.1,-33.71,-9.5,-9.5,0.01,-1.28,-1.4,-82.59,0.68
2022-05-19,18081285.74,0.0,-39845.35,-0.22,-1245117.63,-6.44,-2788588.5,-13.36,0.45,-55.1,-46507450.59,-72.02,-26.79,53.65,-10200800.75,-36.07,-38502382.52,-68.05,-38865536.05,-68.12,-0.57,-0.65,-0.1,-0.09,-0.06,-0.1,-33.92,-0.24,-0.24,0.0,-1.3,-1.42,-83.88,0.68
2022-05-20,17982903.26,0.0,-98382.48,-0.54,-1343500.11,-6.95,-2886970.98,-13.83,0.45,-55.24,-46605833.07,-72.17,-27.02,53.59,-9878128.08,-35.46,-38852450.61,-68.36,-39083565.97,-68.35,-0.58,-0.66,-0.1,-0.09,-0.06,-0.1,-33.98,-0.56,-0.56,0.0,-1.31,-1.44,-84.61,0.68
2022-05-23,18619106.86,0.0,636203.6,3.54,636203.6,3.54,-2250767.38,-10.78,0.47,-53.41,-45969629.47,-71.19,-25.14,53.6,-7479942.15,-28.66,-38275459.21,-67.27,-37202791.86,-66.58,-0.54,-0.62,-0.1,-0.09,-0.06,-0.1,-32.54,3.52,0.0,0.0,-1.22,-1.35,-79.11,0.68
2022-05-24,18092543.29,0.0,-526563.57,-2.83,109640.03,0.61,-2777330.95,-13.3,0.46,-54.33,-46496193.04,-72.0,-26.54,53.58,-8233904.2,-31.28,-36280226.04,-66.72,-39534430.0,-68.44,-0.57,-0.65,-0.1,-0.09,-0.06,-0.1,-33.17,-2.84,-2.84,0.0,-1.31,-1.44,-84.84,0.68
2022-05-25,18612696.57,0.0,520153.28,2.87,629793.31,3.5,-2257177.67,-10.81,0.47,-52.68,-45976039.76,-71.2,-25.01,53.57,-9368583.03,-33.48,-34969654.96,-65.26,-38938156.04,-67.49,-0.54,-0.61,-0.1,-0.09,-0.06,-0.1,-31.89,2.86,0.0,0.0,-1.26,-1.39,-81.85,0.68
2022-05-26,19457993.77,0.0,845297.2,4.54,1475090.51,8.2,-1411880.47,-6.76,0.49,-50.87,-45130742.56,-69.89,-22.64,53.62,-7158916.89,-26.9,-33161108.36,-63.02,-38623795.99,-66.3,-0.5,-0.56,-0.1,-0.09,-0.06,-0.1,-30.51,4.53,0.0,0.0,-1.21,-1.33,-78.14,0.68
2022-05-27,20576596.64,0.0,1118602.87,5.75,2593693.38,14.42,-293277.6,-1.4,0.52,-48.18,-44012139.69,-68.16,-19.65,53.73,-6040749.24,-22.7,-30042143.55,-59.35,-37024399.36,-64.09,-0.44,-0.5,-0.1,-0.09,-0.06,-0.1,-28.54,5.73,0.0,0.0,-1.11,-1.22,-71.65,0.68
2022-05-30,20575184.5,0.0,-1412.14,-0.01,-1412.14,-0.01,-294689.74,-1.41,0.52,-48.0,-44013551.83,-68.16,-19.62,53.67,-6296571.19,-23.44,-29878049.06,-59.22,-37403338.22,-64.31,-0.44,-0.5,-0.1,-0.09,-0.06,-0.1,-28.37,-0.02,-0.02,0.0,-1.12,-1.23,-72.25,0.68
2022-05-31,20082011.82,0.0,-493172.68,-2.4,-494584.82,-2.41,-787862.42,-3.77,0.51,-49.25,-44506724.51,-68.92,-20.8,53.65,-7564432.71,-27.37,-28954852.35,-59.05,-37872513.5,-65.15,-0.46,-0.53,-0.1,-0.09,-0.06,-0.1,-29.2,-2.41,-2.41,0.0,-1.15,-1.27,-74.61,0.68
2022-06-01,19901030.96,0.0,-180980.86,-0.9,-675565.68,-3.29,-180980.86,-0.9,0.51,-49.46,-44687705.37,-69.2,-21.22,53.59,-7125537.79,-26.37,-28963192.52,-59.28,-37736618.49,-65.29,-0.47,-0.54,-0.1,-0.09,-0.06,-0.1,-29.3,-0.92,-0.92,0.0,-1.16,-1.28,-75.02,0.68
2022-06-02,20869372.29,0.0,968341.33,4.87,292775.65,1.42,787360.47,3.92,0.53,-46.52,-43719364.04,-67.7,-18.71,53.66,-4339354.7,-17.22,-27158874.68,-56.55,-35940674.28,-63.13,-0.42,-0.48,-0.1,-0.09,-0.06,-0.1,-27.19,4.85,0.0,0.0,-1.06,-1.18,-68.86,0.69
2022-06-03,20046653.0,0.0,-822719.29,-3.94,-529943.64,-2.58,-35358.82,-0.18,0.51,-49.09,-44542083.33,-68.97,-20.66,53.67,-2936547.2,-12.78,-30091085.77,-60.02,-35910016.48,-64.1,-0.46,-0.52,-0.1,-0.09,-0.06,-0.1,-28.94,-3.96,-3.96,0.0,-1.1,-1.22,-71.45,0.69
2022-06-06,20246445.93,0.0,199792.93,1.0,199792.93,1.0,164434.11,0.81,0.52,-48.49,-44342290.4,-68.66,-20.12,53.62,-2841050.35,-12.3,-32099477.23,-61.32,-33833207.76,-62.61,-0.45,-0.51,-0.1,-0.09,-0.06,-0.1,-28.47,0.98,0.0,0.0,-1.04,-1.16,-67.44,0.69
2022-06-07,20855132.18,0.0,608686.25,3.01,808479.18,4.04,773120.36,3.84,0.54,-46.44,-43733604.15,-67.72,-18.56,53.62,-412937.82,-1.94,-32012011.47,-60.55,-31944780.81,-60.66,-0.42,-0.48,-0.1,-0.09,-0.06,-0.1,-27.0,2.99,0.0,0.0,-0.97,-1.07,-62.32,0.69
2022-06-08,20482106.96,0.0,-373025.22,-1.79,435453.96,2.18,400095.14,1.98,0.53,-46.97,-44106629.37,-68.3,-19.42,53.58,-958721.44,-4.46,-33346944.06,-61.95,-33743556.54,-62.27,-0.44,-0.5,-0.1,-0.09,-0.06,-0.1,-27.31,-1.8,-1.8,0.0,-1.03,-1.14,-66.52,0.69
2022-06-09,19137787.13,0.0,-1344319.83,-6.56,-908865.87,-4.53,-944224.69,-4.71,0.5,-50.48,-45450949.2,-70.38,-22.68,53.72,-4191927.03,-17.96,-31537450.46,-62.23,-35759854.04,-65.13,-0.5,-0.57,-0.1,-0.09,-0.06,-0.1,-29.73,-6.58,-6.58,0.0,-1.13,-1.26,-74.19,0.69
2022-06-10,17544253.95,0.0,-1593533.18,-8.33,-2502399.05,-12.48,-2537757.87,-12.64,0.46,-54.16,-47044482.38,-72.85,-26.8,53.98,-3325620.29,-15.93,-33950527.0,-65.93,-37632076.92,-68.18,-0.57,-0.65,-0.09,-0.09,-0.06,-0.1,-32.35,-8.34,-8.34,0.01,-1.25,-1.39,-82.98,0.69
2022-06-13,15314863.47,0.0,-2229390.48,-12.71,-2229390.48,-12.71,-4767148.35,-23.74,0.4,-59.85,-49273872.86,-76.3,-33.1,54.66,-6045429.12,-28.3,-35715310.57,-69.99,-40729330.92,-72.61,-0.68,-0.77,-0.1,-0.09,-0.06,-0.1,-36.63,-12.72,-12.72,0.02,-1.43,-1.58,-97.1,0.7
2022-06-14,15075772.13,0.0,-239091.34,-1.56,-2468481.82,-14.07,-5006239.69,-24.93,0.39,-60.62,-49512964.2,-76.67,-33.82,54.61,-6440588.37,-29.93,-36619806.32,-70.84,-41055670.33,-73.08,-0.69,-0.79,-0.1,-0.09,-0.06,-0.1,-37.19,-1.58,-1.58,0.0,-1.46,-1.61,-98.8,0.7
2022-06-15,15568044.08,0.0,492271.95,3.27,-1976209.87,-11.26,-4513967.74,-22.48,0.4,-59.73,-49020692.25,-75.91,-32.12,54.61,-7655546.49,-32.96,-38260071.86,-71.08,-41463349.17,-72.59,-0.66,-0.75,-0.1,-0.09,-0.06,-0.1,-36.42,3.25,0.0,0.0,-1.43,-1.58,-96.97,0.71
2022-06-16,14337384.79,0.0,-1230659.29,-7.91,-3206869.16,-18.27,-5744627.03,-28.61,0.37,-63.16,-50251351.54,-77.81,-35.99,54.83,-6630997.33,-31.62,-37160359.06,-72.16,-42902419.25,-74.84,-0.73,-0.83,-0.09,-0.09,-0.06,-0.1,-39.13,-7.92,-7.92,0.01,-1.54,-1.69,-105.21,0.71
2022-06-17,13996706.73,0.0,-340678.06,-2.38,-3547547.22,-20.21,-6085305.09,-30.31,0.36,-63.88,-50592029.6,-78.34,-37.1,54.8,-6351236.18,-31.21,-35584312.73,-71.77,-43510422.52,-75.54,-0.75,-0.85,-0.09,-0.09,-0.06,-0.1,-39.66,-2.39,-2.39,0.0,-1.58,-1.73,-108.01,0.71
2022-06-21,14901366.63,0.0,904659.9,6.46,904659.9,6.46,-5180645.19,-25.81,0.38,-61.67,-49687369.7,-76.94,-33.83,54.95,-3594834.35,-19.43,-34562720.0,-69.88,-42941762.26,-74.1,-0.69,-0.78,-0.09,-0.09,-0.06,-0.1,-37.8,6.45,0.0,0.0,-1.49,-1.64,-102.08,0.71
2022-06-22,14762705.7,0.0,-138660.93,-0.93,765998.97,5.47,-5319306.12,-26.5,0.38,-62.35,-49826030.63,-77.15,-34.22,54.89,-4016279.5,-21.39,-35884454.0,-70.85,-43978140.38,-74.7,-0.7,-0.79,-0.09,-0.09,-0.06,-0.1,-38.29,-0.95,-0.95,0.0,-1.52,-1.68,-104.41,0.71
2022-06-23,14955727.86,0.0,193022.16,1.31,959021.13,6.85,-5126283.96,-25.54,0.38,-61.5,-49633008.47,-76.85,-33.51,54.85,-3325313.25,-18.19,-36040592.9,-70.68,-43869833.49,-74.4,-0.68,-0.78,-0.09,-0.09,-0.06,-0.1,-37.55,1.29,0.0,0.0,-1.5,-1.66,-103.23,0.71
2022-06-24,16108813.72,0.0,1153085.86,7.71,2112106.99,15.09,-3973198.1,-19.8,0.41,-59.07,-48479922.61,-75.07,-29.65,55.07,-2106663.98,-11.56,-32772336.96,-67.05,-41967913.49,-72.1,-0.61,-0.7,-0.09,-0.09,-0.06,-0.1,-35.58,7.69,0.0,0.0,-1.37,-1.52,-94.37,0.72
2022-06-27,15938991.81,0.0,-169821.91,-1.05,-169821.91,-1.05,-4143020.01,-20.65,0.41,-59.43,-48649744.52,-75.33,-30.11,55.02,-3387411.56,-17.53,-32192352.48,-66.89,-42413460.02,-72.52,-0.62,-0.71,-0.09,-0.09,-0.06,-0.1,-35.8,-1.07,-1.07,0.0,-1.39,-1.55,-95.85,0.72
2022-06-28,14914349.5,0.0,-1024642.31,-6.43,-1194464.22,-7.41,-5167662.32,-25.75,0.38,-61.64,-49674386.83,-76.92,-33.2,55.15,-4446153.26,-22.96,-33226702.73,-69.02,-42139066.41,-73.75,-0.67,-0.77,-0.09,-0.09,-0.06,-0.1,-37.48,-6.44,-6.44,0.0,-1.45,-1.61,-100.27,0.72
2022-06-29,14849611.48,0.0,-64738.02,-0.43,-1259202.24,-7.81,-5232400.34,-26.07,0.38,-62.16,-49739124.85,-77.02,-33.35,55.09,-5169642.61,-25.82,-32669333.35,-68.75,-43948852.54,-74.57,-0.68,-0.77,-0.09,-0.09,-0.06,-0.1,-37.85,-0.45,-0.45,0.0,-1.49,-1.66,-103.45,0.72
2022-06-30,14304621.08,0.0,-544990.4,-3.67,-1804192.64,-11.19,-5777390.74,-28.78,0.37,-63.39,-50284115.25,-77.86,-35.07,55.09,-3816510.01,-21.06,-31907895.51,-69.05,-45362429.12,-75.82,-0.71,-0.81,-0.08,-0.09,-0.06,-0.1,-38.79,-3.69,-3.69,0.0,-1.56,-1.73,-108.45,0.72
2022-07-01,14729771.27,0.0,425150.19,2.97,-1379042.45,-8.55,425150.19,2.97,0.38,-61.9,-49858965.06,-77.2,-33.56,55.08,-3351514.47,-18.53,-32827718.64,-69.03,-44663170.02,-75.0,-0.68,-0.78,-0.08,-0.09,-0.06,-0.1,-37.52,2.96,0.0,0.0,-1.51,-1.68,-105.06,0.72
2022-07-04,14745098.06,0.0,15326.79,0.1,15326.79,0.1,440476.98,3.08,0.38,-61.96,-49843638.27,-77.18,-33.44,55.03,-3237805.2,-18.01,-33891096.87,-69.68,-44744343.5,-75.01,-0.68,-0.78,-0.08,-0.09,-0.06,-0.1,-37.51,0.09,0.0,0.0,-1.51,-1.68,-105.11,0.72
2022-07-05,14697166.49,0.0,-47931.57,-0.33,-32604.78,-0.23,392545.41,2.74,0.38,-62.12,-49891569.84,-77.25,-33.54,54.98,-3921940.37,-21.07,-34576257.29,-70.17,-43910042.53,-74.75,-0.68,-0.78,-0.08,-0.09,-0.06,-0.1,-37.59,-0.34,-0.34,0.0,-1.5,-1.66,-104.1,0.72
2022-07-06,14752992.88,0.0,55826.39,0.38,23221.61,0.15,448371.8,3.13,0.38,-61.86,-49835743.45,-77.16,-33.29,54.93,-3339550.41,-18.47,-34309658.6,-69.93,-42500812.73,-74.12,-0.68,-0.78,-0.08,-0.09,-0.06,-0.1,-37.32,0.36,0.0,0.0,-1.47,-1.63,-101.64,0.72
2022-07-07,15636375.74,0.0,883382.86,5.99,906604.47,6.15,1331754.66,9.31,0.4,-59.72,-48952360.59,-75.79,-30.33,55.04,-2976320.83,-15.99,-35020965.13,-69.14,-39444405.6,-71.6,-0.62,-0.71,-0.08,-0.09,-0.06,-0.1,-35.59,5.97,0.0,0.0,-1.33,-1.48,-92.23,0.72
2022-07-11,14957672.88,0.0,-678702.86,-4.34,-678702.86,-4.34,653051.8,4.57,0.38,-61.74,-49631063.45,-76.84,-32.37,55.06,-4500320.89,-23.13,-34861157.4,-69.98,-42496642.24,-73.84,-0.66,-0.76,-0.08,-0.09,-0.06,-0.1,-37.11,-4.36,-4.36,0.0,-1.45,-1.61,-100.43,0.72
2022-07-12,14286976.39,0.0,-670696.49,-4.48,-1349399.35,-8.63,-17644.69,-0.12,0.36,-63.7,-50301759.94,-77.88,-34.47,55.09,-6289620.25,-30.57,-35333114.75,-71.21,-44621517.86,-75.57,-0.7,-0.8,-0.08,-0.09,-0.06,-0.1,-38.63,-4.5,-4.5,0.0,-1.54,-1.71,-107.19,0.72
2022-07-13,14284806.37,0.0,-2170.02,-0.02,-1351569.37,-8.64,-19814.71,-0.14,0.36,-64.01,-50303929.96,-77.88,-34.41,55.04,-6290378.13,-30.57,-33463619.62,-70.08,-45354582.32,-75.85,-0.7,-0.8,-0.08,-0.09,-0.06,-0.1,-38.82,-0.03,-0.03,0.0,-1.55,-1.72,-108.33,0.72
2022-07-14,14177847.51,0.0,-106958.86,-0.75,-1458528.23,-9.32,-126773.57,-0.89,0.36,-64.27,-50410888.82,-78.05,-34.7,54.99,-5904164.31,-29.4,-33853781.77,-70.48,-46571869.76,-76.42,-0.7,-0.81,-0.08,-0.09,-0.06,-0.1,-38.98,-0.76,-0.76,0.0,-1.59,-1.76,-110.76,0.72
2022-07-15,15055070.1,0.0,877222.59,6.19,-581305.64,-3.71,750449.02,5.24,0.38,-61.77,-49533666.23,-76.69,-31.67,55.11,-4845960.86,-24.35,-33265575.21,-68.84,-45938084.42,-75.05,-0.65,-0.74,-0.08,-0.09,-0.06,-0.1,-36.92,6.17,0.0,0.0,-1.5,-1.67,-104.93,0.73
2022-07-18,14730955.02,0.0,-324115.08,-2.15,-324115.08,-2.15,426333.94,2.97,0.37,-62.82,-49857781.31,-77.19,-32.64,55.08,-6138417.27,-29.41,-9028476.65,-38.0,-44995826.97,-75.12,-0.67,-0.76,-0.08,-0.09,-0.06,-0.1,-37.69,-2.17,-2.17,0.0,-1.51,-1.68,-105.2,0.73
2022-07-19,16116207.49,0.0,1385252.47,9.4,1061137.39,7.05,1811586.41,12.65,0.4,-59.52,-48472528.84,-75.05,-28.09,55.42,-3930445.51,-19.61,-6863438.06,-29.87,-44143809.11,-73.0,-0.58,-0.67,-0.08,-0.09,-0.06,-0.1,-35.06,9.39,0.0,0.0,-1.37,-1.54,-96.61,0.73
2022-07-20,16801010.03,0.0,684802.54,4.25,1745939.93,11.6,2496388.95,17.44,0.42,-58.3,-47787726.3,-73.99,-26.01,55.45,-3445435.9,-17.02,-6167036.39,-26.85,-43935088.62,-72.05,-0.54,-0.63,-0.08,-0.09,-0.06,-0.1,-34.08,4.23,0.0,0.0,-1.32,-1.49,-93.07,0.73
2022-07-21,17581652.13,0.0,780642.1,4.65,2526582.03,16.79,3277031.05,22.9,0.44,-56.05,-47007084.2,-72.78,-23.76,55.49,-3273480.05,-15.7,-6757535.98,-27.76,-42946524.21,-70.66,-0.5,-0.58,-0.08,-0.09,-0.06,-0.1,-32.35,4.63,0.0,0.0,-1.25,-1.41,-88.11,0.74
2022-07-22,17022152.51,0.0,-559499.62,-3.18,1967082.41,13.07,2717531.43,18.99,0.43,-57.4,-47566583.82,-73.65,-25.22,55.48,-3459954.45,-16.9,-9400071.52,-35.58,-43500514.54,-71.59,-0.53,-0.61,-0.08,-0.09,-0.06,-0.1,-33.3,-3.2,-3.2,0.0,-1.3,-1.46,-91.28,0.74
2022-07-25,16782792.95,0.0,-239359.56,-1.41,-239359.56,-1.41,2478171.87,17.32,0.42,-57.6,-47805943.38,-74.02,-25.84,55.43,-2354994.18,-12.31,-10937626.06,-39.45,-44004212.58,-72.1,-0.54,-0.62,-0.08,-0.09,-0.06,-0.1,-33.4,-1.42,-1.42,0.0,-1.32,-1.49,-93.08,0.74
2022-07-26,15992668.13,0.0,-790124.82,-4.71,-1029484.38,-6.05,1688047.05,11.8,0.4,-59.98,-48596068.2,-75.24,-28.02,55.47,-1551585.82,-8.85,-12592327.46,-44.05,-44712850.84,-73.38,-0.58,-0.67,-0.07,-0.09,-0.06,-0.1,-35.14,-4.72,-4.72,0.0,-1.38,-1.55,-97.67,0.74
2022-07-27,18115560.86,0.0,2122892.73,13.27,1093408.35,6.42,3810939.78,26.64,0.45,-54.69,-46473175.47,-71.95,-21.7,56.18,2800697.39,18.28,-10400528.2,-36.47,-42815770.48,-69.95,-0.46,-0.54,-0.06,-0.09,-0.06,-0.1,-31.17,13.26,0.0,0.0,-1.18,-1.36,-84.74,0.75
2022-07-28,18810434.25,0.0,694873.39,3.84,1788281.74,10.5,4505813.17,31.5,0.47,-53.27,-45778302.08,-70.87,-19.86,56.19,3734662.12,24.76,-10641013.45,-36.13,-41881969.42,-68.69,-0.42,-0.5,-0.06,-0.09,-0.06,-0.1,-30.12,3.82,0.0,0.0,-1.13,-1.29,-80.55,0.75
2022-07-29,19762473.57,0.0,952039.32,5.06,2740321.06,16.09,5457852.49,38.16,0.49,-50.62,-44826262.76,-69.4,-17.44,56.25,4194429.49,26.93,-9184850.34,-31.73,-40886966.86,-67.09,-0.38,-0.45,-0.06,-0.09,-0.06,-0.1,-28.23,5.05,0.0,0.0,-1.06,-1.21,-75.43,0.75
2022-08-01,19737890.27,0.0,-24583.3,-0.12,-24583.3,-0.12,-24583.3,-0.12,0.49,-51.06,-44850846.06,-69.44,-17.46,56.2,5400505.48,37.66,-10551244.65,-34.84,-40901371.0,-67.12,-0.38,-0.45,-0.05,-0.09,-0.06,-0.1,-28.49,-0.14,-0.14,0.0,-1.06,-1.22,-75.53,0.75
2022-08-02,19094369.22,0.0,-643521.05,-3.26,-668104.35,-3.38,-668104.35,-3.38,0.47,-52.6,-45494367.11,-70.44,-18.96,56.19,5097662.49,36.42,-11228481.04,-37.03,-41565422.39,-68.2,-0.41,-0.48,-0.05,-0.09,-0.06,-0.1,-29.51,-3.28,-3.28,0.0,-1.1,-1.26,-78.82,0.75
2022-08-03,20281161.55,0.0,1186792.33,6.22,518687.98,2.63,518687.98,2.63,0.5,-50.08,-44307574.78,-68.6,-16.02,56.3,5379794.92,36.11,-10709608.51,-34.56,-40514936.38,-66.29,-0.36,-0.42,-0.05,-0.09,-0.06,-0.1,-27.73,6.2,0.0,0.0,-1.02,-1.17,-72.8,0.76
2022-08-04,20577955.21,0.0,296793.66,1.46,815481.64,4.13,815481.64,4.13,0.51,-49.27,-44010781.12,-68.14,-15.3,56.26,5815249.51,39.41,-11380379.45,-35.61,-40385321.62,-65.88,-0.34,-0.41,-0.05,-0.09,-0.06,-0.1,-27.14,1.45,0.0,0.0,-1.0,-1.15,-71.59,0.76
2022-08-05,19714167.88,0.0,-863787.33,-4.2,-48305.69,-0.24,-48305.69,-0.24,0.49,-51.14,-44874568.45,-69.48,-17.23,56.27,4758440.02,31.82,-11910160.35,-37.66,-41262392.16,-67.32,-0.38,-0.45,-0.05,-0.09,-0.06,-0.1,-28.37,-4.21,-4.21,0.0,-1.05,-1.22,-75.81,0.76
2022-08-08,19774998.43,0.0,60830.55,0.31,60830.55,0.31,12524.86,0.07,0.49,-50.85,-44813737.9,-69.39,-17.05,56.22,3666184.71,22.76,-10324091.23,-34.3,-40790042.52,-67.02,-0.37,-0.44,-0.05,-0.09,-0.06,-0.1,-28.12,0.29,0.0,0.0,-1.04,-1.2,-74.89,0.76
2022-08-09,19421357.65,0.0,-353640.78,-1.79,-292810.23,-1.48,-341115.92,-1.72,0.48,-51.88,-45167378.68,-69.94,-17.85,56.18,3482365.84,21.85,-10636367.05,-35.38,-40798271.72,-67.45,-0.39,-0.46,-0.05,-0.09,-0.06,-0.1,-28.78,-1.8,-1.8,0.0,-1.06,-1.22,-76.17,0.76
2022-08-10,20764542.8,0.0,1343185.15,6.92,1050374.92,5.33,1002069.23,5.08,0.51,-48.68,-43824193.53,-67.86,-14.62,56.33,5850193.3,39.22,-10997111.18,-34.62,-39392479.01,-65.16,-0.33,-0.39,-0.04,-0.09,-0.06,-0.1,-26.58,6.9,0.0,0.0,-0.96,-1.11,-69.16,0.76
2022-08-11,20261309.67,0.0,-503233.13,-2.42,547141.79,2.78,498836.1,2.53,0.5,-50.24,-44327426.66,-68.64,-15.71,56.3,5411698.19,36.44,-9473526.19,-31.86,-40179181.36,-66.15,-0.35,-0.41,-0.04,-0.09,-0.06,-0.1,-27.58,-2.44,-2.44,0.0,-1.0,-1.16,-72.0,0.76
2022-08-12,21491860.99,0.0,1230551.32,6.07,1777693.11,9.02,1729387.42,8.76,0.53,-46.96,-43096875.34,-66.74,-12.88,56.41,7187239.91,50.25,-6583644.72,-23.44,-39563808.01,-65.34,-0.3,-0.36,-0.04,-0.09,-0.06,-0.1,-25.38,6.06,0.0,0.0,-0.96,-1.12,-69.54,0.76
2022-08-15,21836224.09,0.0,344363.1,1.6,344363.1,1.6,2073750.52,10.5,0.54,-46.15,-42752512.24,-66.21,-12.12,56.37,7106452.82,48.25,-6445862.4,-22.79,-39403092.76,-65.15,-0.29,-0.34,-0.04,-0.09,-0.06,-0.1,-24.81,1.59,0.0,0.0,-0.96,-1.11,-68.98,0.76
2022-08-16,21672124.21,0.0,-164099.88,-0.75,180263.22,0.84,1909650.64,9.67,0.54,-46.41,-42916612.12,-66.46,-12.44,56.32,6927026.15,46.98,-6188907.13,-22.21,-39461647.07,-65.21,-0.29,-0.35,-0.04,-0.09,-0.06,-0.1,-24.94,-0.77,-0.77,0.0,-0.96,-1.11,-69.14,0.76
2022-08-17,20930156.84,0.0,-741967.37,-3.42,-561704.15,-2.61,1167683.27,5.92,0.52,-47.85,-43658579.49,-67.61,-13.99,56.31,6232990.35,42.42,-5168892.17,-19.81,-39936220.92,-65.88,-0.32,-0.38,-0.04,-0.09,-0.06,-0.1,-25.83,-3.44,-3.44,0.0,-0.98,-1.14,-71.05,0.76
2022-08-18,21153670.12,0.0,223513.28,1.07,-338190.87,-1.57,1391196.55,7.05,0.53,-47.44,-43435066.21,-67.26,-13.47,56.26,6400677.24,43.4,-5172777.37,-19.65,-40228307.09,-66.51,-0.31,-0.37,-0.04,-0.09,-0.06,-0.1,-25.53,1.05,0.0,0.0,-1.01,-1.17,-72.93,0.76
2022-08-19,19985787.52,0.0,-1167882.6,-5.52,-1506073.47,-7.0,223313.95,1.14,0.5,-49.93,-44602948.81,-69.07,-15.97,56.34,4349411.78,27.83,-7995492.08,-28.57,-41796291.02,-69.04,-0.35,-0.42,-0.05,-0.09,-0.06,-0.1,-27.12,-5.54,-5.54,0.0,-1.11,-1.28,-80.68,0.76
2022-08-22,17322083.93,-1170000.0,-1493703.59,-7.47,-1493703.59,-7.47,-1270389.64,-6.42,0.46,-53.74,-46096652.4,-71.38,-19.35,56.51,3534411.05,23.65,-8124826.73,-30.52,-43100202.23,-71.06,-0.41,-0.49,-0.05,-0.09,-0.06,-0.1,-29.66,-7.49,-7.49,0.01,-1.19,-1.37,-87.12,0.77
2022-08-23,17412590.4,0.0,90506.47,0.52,-1403197.12,-6.99,-1179883.17,-5.93,0.46,-53.76,-46006145.93,-71.23,-19.08,56.46,4295614.01,30.13,-8034755.48,-30.15,-43026045.56,-70.93,-0.41,-0.48,-0.05,-0.09,-0.06,-0.1,-29.64,0.51,0.0,0.0,-1.18,-1.37,-86.69,0.77
2022-08-24,17583492.33,0.0,170901.93,0.98,-1232295.19,-6.08,-1008981.24,-5.01,0.46,-53.55,-45835244.0,-70.95,-18.6,56.41,4468685.96,31.43,-8118263.36,-30.14,-42969102.87,-70.73,-0.4,-0.47,-0.05,-0.09,-0.06,-0.1,-29.45,0.97,0.0,0.0,-1.17,-1.35,-85.99,0.77
2022-08-25,18626854.82,0.0,1043362.49,5.93,-188932.7,-0.51,34381.25,0.63,0.49,-51.27,-44791881.51,-69.23,-15.87,56.5,5619007.31,40.28,-7849589.71,-28.07,-41976385.41,-69.03,-0.35,-0.42,-0.05,-0.09,-0.06,-0.1,-27.85,5.92,0.0,0.0,-1.09,-1.27,-80.18,0.77
2022-08-26,16276188.93,0.0,-2350665.89,-12.62,-2539598.59,-13.07,-2316284.64,-12.07,0.43,-57.18,-47142547.4,-73.11,-21.56,57.08,2391118.83,15.42,-9580379.82,-35.71,-44338104.17,-72.95,-0.45,-0.53,-0.07,-0.09,-0.07,-0.12,-31.92,-12.64,-12.64,0.02,-1.24,-1.43,-92.83,0.78
2022-08-29,15822611.45,0.0,-453577.48,-2.79,-453577.48,-2.79,-2769862.12,-14.52,0.42,-58.2,-47596124.88,-73.86,-22.79,57.06,2261656.43,14.67,-8216115.54,-32.99,-44570433.28,-73.56,-0.47,-0.55,-0.07,-0.09,-0.07,-0.12,-32.61,-2.8,-2.8,0.0,-1.27,-1.46,-95.08,0.78
2022-08-30,15091725.76,0.0,-730885.69,-4.62,-1184463.17,-7.28,-3500747.81,-18.47,0.4,-59.94,-48327010.57,-75.07,-24.83,57.09,145518.27,-0.03,-6721474.44,-29.9,-45215155.23,-74.73,-0.51,-0.6,-0.07,-0.09,-0.07,-0.12,-33.84,-4.64,-4.64,0.0,-1.32,-1.53,-99.49,0.78
2022-08-31,14672064.6,0.0,-419661.16,-2.78,-1604124.33,-9.86,-3920408.97,-20.74,0.39,-61.11,-48746671.73,-75.76,-26.04,57.07,-958945.43,-6.77,-7245431.68,-32.15,-45667210.31,-75.45,-0.53,-0.62,-0.07,-0.09,-0.07,-0.12,-34.67,-2.8,-2.8,0.0,-1.36,-1.57,-102.35,0.78
2022-09-01,14543861.13,0.0,-128203.47,-0.87,-1732327.8,-10.65,-128203.47,-0.87,0.39,-61.34,-48874875.2,-75.97,-26.39,57.02,-1867791.0,-11.69,-5554208.87,-26.99,-45424725.57,-75.44,-0.53,-0.63,-0.07,-0.09,-0.07,-0.12,-34.8,-0.89,-0.89,0.0,-1.36,-1.57,-102.31,0.78
2022-09-02,14007360.16,0.0,-536500.97,-3.69,-2268828.77,-13.95,-664704.44,-4.53,0.38,-62.44,-49411376.17,-76.86,-28.0,57.02,-1844792.35,-12.15,-6263468.24,-30.25,-45918273.82,-76.32,-0.56,-0.66,-0.07,-0.09,-0.07,-0.12,-35.59,-3.7,-3.7,0.0,-1.4,-1.62,-105.89,0.78
2022-09-05,14007877.5,0.0,517.34,0.0,517.34,0.0,-664187.1,-4.53,0.38,-62.0,-49410858.83,-76.86,-27.95,56.97,-1604915.45,-10.89,-8151836.66,-35.89,-45808901.19,-76.26,-0.56,-0.66,-0.07,-0.09,-0.07,-0.12,-35.2,-0.01,-0.01,0.0,-1.4,-1.61,-105.62,0.78
2022-09-06,13522766.94,0.0,-485110.56,-3.46,-484593.22,-3.46,-1149297.66,-7.84,0.37,-63.32,-49895969.39,-77.66,-29.45,56.96,-1299901.19,-9.73,-6177107.3,-30.83,-46799769.75,-77.37,-0.59,-0.69,-0.07,-0.09,-0.07,-0.12,-36.16,-3.48,-3.48,0.0,-1.46,-1.68,-110.34,0.78
2022-09-07,14482093.29,0.0,959326.35,7.09,474733.13,3.39,-189971.31,-1.3,0.4,-60.38,-48936643.04,-76.08,-26.23,57.11,-2463467.57,-14.65,-5708199.3,-27.62,-45595230.07,-75.61,-0.53,-0.63,-0.07,-0.09,-0.07,-0.12,-33.87,7.08,0.0,0.0,-1.36,-1.57,-102.65,0.79
2022-09-08,14682868.12,0.0,200774.83,1.39,675507.96,4.82,10803.52,0.07,0.41,-59.45,-48735868.21,-75.75,-25.56,57.07,-2957566.13,-16.67,-5663492.38,-27.15,-44429755.53,-74.67,-0.52,-0.61,-0.07,-0.09,-0.07,-0.12,-33.14,1.37,0.0,0.0,-1.31,-1.51,-98.88,0.79
2022-09-09,15850670.14,0.0,1167802.02,7.95,1843309.98,13.16,1178605.54,8.03,0.44,-55.74,-47568066.19,-73.82,-21.97,57.27,-2741803.43,-14.37,-6202920.43,-27.13,-41884445.84,-71.67,-0.45,-0.54,-0.07,-0.09,-0.07,-0.12,-30.43,7.94,0.0,0.0,-1.16,-1.35,-87.45,0.79
2022-09-12,16507373.04,0.0,656702.9,4.14,656702.9,4.14,1835308.44,12.51,0.46,-54.18,-46911363.29,-72.74,-20.1,57.29,-2060517.23,-10.72,-3291009.08,-15.95,-41257680.07,-70.52,-0.42,-0.5,-0.07,-0.08,-0.07,-0.12,-29.31,4.13,0.0,0.0,-1.1,-1.29,-83.39,0.79
2022-09-13,13661201.98,0.0,-2846171.06,-17.24,-2189468.16,-13.82,-1010862.62,-6.89,0.38,-61.93,-49757534.35,-77.44,-27.71,58.37,-4263167.24,-23.62,-5516740.93,-28.32,-44661557.29,-75.96,-0.54,-0.64,-0.1,-0.09,-0.07,-0.13,-34.85,-17.26,-17.26,0.03,-1.31,-1.51,-102.09,0.81
2022-09-14,14157886.37,0.0,496684.39,3.64,-1692783.77,-10.69,-514178.23,-3.5,0.39,-60.62,-49260849.96,-76.62,-26.05,58.37,-4953275.18,-25.48,-3168314.61,-18.28,-44462222.02,-75.27,-0.51,-0.61,-0.1,-0.08,-0.07,-0.13,-33.81,3.62,0.0,0.0,-1.27,-1.47,-99.22,0.81
2022-09-15,13380943.73,0.0,-776942.64,-5.49,-2469726.41,-15.59,-1291120.87,-8.8,0.37,-63.14,-50037792.6,-77.9,-28.43,58.43,-6027011.48,-30.58,-4228041.47,-23.92,-45081422.82,-76.53,-0.56,-0.66,-0.1,-0.08,-0.07,-0.13,-35.68,-5.5,-5.5,0.0,-1.33,-1.54,-104.31,0.81
2022-09-16,13096363.03,0.0,-284580.7,-2.13,-2754307.11,-17.39,-1575701.57,-10.74,0.36,-63.79,-50322373.3,-78.37,-29.32,58.4,-5447804.85,-29.08,-4014678.08,-23.52,-44957018.09,-76.79,-0.57,-0.67,-0.1,-0.08,-0.07,-0.13,-36.13,-2.14,-2.14,0.0,-1.35,-1.56,-105.39,0.81
2022-09-19,13279335.22,0.0,182972.19,1.4,182972.19,1.4,-1392729.38,-9.49,0.37,-63.5,-50139401.11,-78.07,-28.66,58.35,-5325663.21,-28.31,-3766142.48,-22.17,-42557804.42,-75.03,-0.56,-0.66,-0.1,-0.08,-0.07,-0.13,-35.85,1.38,0.0,0.0,-1.26,-1.46,-98.23,0.81
2022-09-20,13007221.03,0.0,-272114.19,-2.05,-89142.0,-0.68,-1664843.57,-11.34,0.36,-63.76,-50411515.3,-78.52,-29.51,58.32,-5244136.62,-28.5,-5149182.34,-28.15,-42664887.69,-75.43,-0.57,-0.68,-0.1,-0.08,-0.07,-0.13,-36.01,-2.07,-2.07,0.0,-1.28,-1.48,-99.83,0.81
2022-09-21,12453480.28,0.0,-553740.75,-4.26,-642882.75,-4.91,-2218584.32,-15.11,0.34,-65.53,-50965256.05,-79.43,-31.32,58.33,-7141062.52,-35.98,-5737022.48,-31.33,-43027095.27,-76.35,-0.61,-0.71,-0.1,-0.08,-0.07,-0.13,-37.35,-4.27,-4.27,0.0,-1.33,-1.53,-103.56,0.81
2022-09-22,12103948.02,0.0,-349532.26,-2.81,-992415.01,-7.58,-2568116.58,-17.49,0.33,-66.95,-51314788.31,-80.01,-32.5,58.31,-6987361.65,-36.23,-6745306.07,-35.45,-44082187.7,-77.46,-0.63,-0.74,-0.1,-0.08,-0.07,-0.13,-38.45,-2.82,-2.82,0.0,-1.38,-1.6,-108.33,0.81
2022-09-23,11503223.51,0.0,-600724.51,-4.96,-1593139.52,-12.17,-3168841.09,-21.59,0.31,-68.64,-51915512.82,-81.0,-34.62,58.34,-8818637.48,-42.87,-5447907.58,-32.24,-43093439.47,-77.96,-0.66,-0.78,-0.1,-0.08,-0.07,-0.13,-39.79,-4.98,-4.98,0.0,-1.41,-1.63,-110.5,0.81
2022-09-26,11332244.15,0.0,-170979.36,-1.49,-170979.36,-1.49,-3339820.45,-22.76,0.31,-69.46,-52086492.18,-81.28,-35.2,58.3,-9333979.94,-44.6,-5579041.59,-33.09,-44317336.27,-78.69,-0.67,-0.79,-0.1,-0.08,-0.07,-0.13,-40.43,-1.5,-1.5,0.0,-1.45,-1.67,-113.89,0.81
2022-09-27,11315833.0,0.0,-16411.15,-0.14,-187390.51,-1.63,-3356231.6,-22.87,0.31,-69.04,-52102903.33,-81.31,-35.21,58.25,-9186291.21,-44.26,-5497070.26,-32.83,-44467047.95,-78.78,-0.67,-0.79,-0.1,-0.08,-0.07,-0.13,-40.03,-0.16,-0.16,0.0,-1.46,-1.68,-114.27,0.81
2022-09-28,11963157.65,0.0,647324.65,5.72,459934.14,4.0,-2708906.95,-18.46,0.33,-67.23,-51455578.68,-80.24,-32.66,58.33,-7796999.19,-38.99,-5485949.21,-31.41,-44666343.25,-77.89,-0.63,-0.74,-0.1,-0.08,-0.07,-0.13,-38.46,5.7,0.0,0.0,-1.4,-1.62,-110.05,0.81
2022-09-29,11078731.05,0.0,-884426.6,-7.39,-424492.46,-3.69,-3593333.55,-24.49,0.31,-69.44,-52340005.28,-81.7,-35.81,58.47,-8904939.07,-44.1,-5843812.24,-34.63,-45246858.02,-79.42,-0.68,-0.8,-0.1,-0.08,-0.07,-0.13,-40.25,-7.41,-7.41,0.01,-1.48,-1.71,-116.91,0.82
2022-09-30,10618631.64,0.0,-460099.41,-4.15,-884591.87,-7.69,-4053432.96,-27.63,0.3,-70.29,-52800104.69,-82.46,-37.55,58.48,-8197155.88,-43.29,-6824064.93,-39.09,-45095512.75,-80.06,-0.71,-0.84,-0.1,-0.08,-0.07,-0.13,-40.93,-4.17,-4.17,0.0,-1.52,-1.75,-119.99,0.82
2022-10-03,11278809.49,0.0,660177.85,6.22,660177.85,6.22,660177.85,6.22,0.32,-68.13,-52139926.84,-81.37,-34.79,58.58,-6043274.44,-34.89,-7009184.28,-38.12,-44282165.6,-78.76,-0.66,-0.78,-0.1,-0.08,-0.07,-0.13,-39.05,6.2,0.0,0.0,-1.43,-1.66,-113.5,0.82
2022-10-04,12141049.0,0.0,862239.51,7.64,1522417.36,14.34,1522417.36,14.34,0.34,-65.55,-51277687.33,-79.95,-31.43,58.76,-5271541.4,-30.28,-7265547.64,-37.0,-44526694.46,-77.57,-0.6,-0.72,-0.1,-0.08,-0.07,-0.13,-36.91,7.63,0.0,0.0,-1.36,-1.58,-107.82,0.82
2022-10-05,12077867.56,0.0,-63181.44,-0.52,1459235.92,13.74,1459235.92,13.74,0.34,-66.18,-51340868.77,-80.05,-31.6,58.71,-5505624.77,-31.32,-7327316.94,-37.33,-46773601.49,-78.51,-0.61,-0.72,-0.1,-0.08,-0.07,-0.13,-37.36,-0.54,-0.54,0.0,-1.41,-1.64,-112.14,0.82
2022-10-06,11888705.87,0.0,-189161.69,-1.57,1270074.23,11.96,1270074.23,11.96,0.33,-66.53,-51530030.46,-80.36,-32.22,58.66,-6738148.95,-36.18,-7023305.95,-36.79,-47653769.09,-79.09,-0.62,-0.73,-0.1,-0.08,-0.07,-0.13,-37.59,-1.58,-1.58,0.0,-1.44,-1.68,-114.87,0.82
2022-10-07,10977458.89,0.0,-911246.98,-7.66,358827.25,3.38,358827.25,3.38,0.3,-69.53,-52441277.44,-81.87,-35.46,58.82,-5298730.04,-32.56,-7753572.07,-41.11,-49354915.3,-80.94,-0.67,-0.79,-0.08,-0.08,-0.08,-0.13,-40.01,-7.68,-7.68,0.01,-1.55,-1.79,-123.84,0.83
2022-10-10,10697062.51,0.0,-280396.38,-2.55,-280396.38,-2.55,78430.87,0.74,0.29,-70.77,-52721673.82,-82.33,-36.5,58.79,-5125548.94,-32.39,-9002309.78,-45.28,-50282611.07,-81.62,-0.69,-0.82,-0.08,-0.08,-0.08,-0.13,-41.02,-2.57,-2.57,0.0,-1.59,-1.84,-127.45,0.83
2022-10-11,10395907.89,0.0,-301154.62,-2.82,-581551.0,-5.29,-222723.75,-2.1,0.28,-71.82,-53022828.44,-82.83,-37.64,58.77,-4695817.87,-31.11,-8480745.11,-44.63,-50803803.03,-82.2,-0.71,-0.84,-0.08,-0.08,-0.08,-0.13,-41.89,-2.83,-2.83,0.0,-1.63,-1.88,-130.63,0.83
2022-10-12,10416197.04,0.0,20289.15,0.2,-561261.85,-5.11,-202434.6,-1.91,0.28,-71.95,-53002539.29,-82.8,-37.49,58.72,-4255867.56,-29.01,-8660248.89,-45.08,-50848360.37,-82.19,-0.71,-0.84,-0.08,-0.08,-0.08,-0.13,-41.95,0.18,0.0,0.0,-1.63,-1.88,-130.53,0.83
2022-10-13,11032465.92,0.0,616268.88,5.92,55007.03,0.5,413834.28,3.89,0.3,-70.34,-52386270.41,-81.78,-34.9,58.8,-3511395.21,-24.14,-8652666.26,-43.52,-49770697.28,-80.99,-0.66,-0.78,-0.08,-0.08,-0.08,-0.13,-40.5,5.9,0.0,0.0,-1.54,-1.79,-123.87,0.83
2022-10-14,10264506.62,0.0,-767959.3,-6.96,-712952.27,-6.5,-354125.02,-3.34,0.28,-72.09,-53154229.71,-83.05,-37.81,58.92,-3742853.54,-26.72,-9047600.34,-46.5,-52232669.47,-82.79,-0.71,-0.84,-0.08,-0.08,-0.08,-0.13,-41.97,-6.98,-6.98,0.0,-1.66,-1.92,-133.58,0.83
2022-10-17,10916130.52,0.0,651623.9,6.35,651623.9,6.35,297498.88,2.8,0.3,-70.22,-52502605.81,-81.97,-35.04,59.02,-3091746.98,-22.06,-7051656.61,-39.1,-52081350.87,-81.84,-0.66,-0.79,-0.08,-0.08,-0.08,-0.13,-40.29,6.33,0.0,0.0,-1.58,-1.84,-128.02,0.83
2022-10-18,11128757.83,0.0,212627.31,1.95,864251.21,8.42,510126.19,4.8,0.31,-69.42,-52289978.5,-81.62,-34.15,58.99,-2394009.11,-17.7,-5245496.12,-32.28,-51827581.81,-81.47,-0.65,-0.77,-0.08,-0.08,-0.08,-0.13,-39.56,1.93,0.0,0.0,-1.56,-1.81,-126.01,0.83
2022-10-19,11142418.54,0.0,13660.71,0.12,877911.92,8.55,523786.9,4.93,0.31,-68.96,-52276317.79,-81.6,-34.04,58.94,-3339674.75,-23.05,-3002444.93,-22.32,-52806249.39,-81.73,-0.65,-0.77,-0.08,-0.07,-0.08,-0.13,-39.12,0.11,0.0,0.0,-1.58,-1.83,-127.45,0.83
2022-10-20,11020300.92,0.0,-122117.62,-1.1,755794.3,7.36,401669.28,3.78,0.31,-69.34,-52398435.41,-81.8,-34.45,58.89,-3662567.2,-24.94,-2885471.21,-21.95,-53387291.91,-82.06,-0.65,-0.78,-0.08,-0.07,-0.08,-0.13,-39.39,-1.11,-1.11,0.0,-1.6,-1.86,-129.26,0.83
2022-10-21,11723970.55,0.0,703669.63,6.39,1459463.93,14.22,1105338.91,10.41,0.33,-67.02,-51694765.78,-80.64,-31.7,59.0,-4126699.59,-26.03,-2674073.53,-19.6,-53072280.5,-81.03,-0.61,-0.72,-0.08,-0.07,-0.08,-0.13,-37.44,6.37,0.0,0.0,-1.52,-1.77,-123.47,0.84
2022-10-24,12064334.45,0.0,340363.9,2.9,340363.9,2.9,1445702.81,13.62,0.34,-66.04,-51354401.88,-80.08,-30.42,58.98,-4443038.59,-26.9,-1103050.34,-10.16,-53611219.51,-80.74,-0.58,-0.7,-0.08,-0.07,-0.08,-0.13,-36.61,2.89,0.0,0.0,-1.5,-1.75,-121.9,0.84
2022-10-25,12565583.48,0.0,501249.03,4.15,841612.93,7.18,1946951.84,18.34,0.35,-64.59,-50853152.85,-79.25,-28.62,59.0,-1095618.5,-8.01,-261123.25,-4.15,-53604345.47,-80.08,-0.55,-0.66,-0.07,-0.07,-0.08,-0.13,-35.43,4.14,0.0,0.0,-1.46,-1.71,-118.49,0.84
2022-10-26,11996896.27,0.0,-568687.21,-4.53,272925.72,2.33,1378264.63,12.98,0.33,-66.58,-51421840.06,-80.19,-30.47,59.02,-2160990.1,-15.26,-1734470.36,-14.04,-55958037.0,-81.48,-0.58,-0.7,-0.07,-0.07,-0.08,-0.13,-36.94,-4.54,-4.54,0.0,-1.55,-1.8,-125.67,0.84
2022-10-27,11578699.33,0.0,-418196.94,-3.49,-145271.22,-1.24,960067.69,9.04,0.32,-68.15,-51840037.0,-80.88,-31.89,59.01,-1802244.4,-13.47,-2014006.37,-16.26,-57011162.89,-82.29,-0.61,-0.73,-0.07,-0.07,-0.08,-0.13,-38.16,-3.5,-3.5,0.0,-1.6,-1.86,-130.08,0.84
2022-10-28,12470465.48,0.0,891766.15,7.7,746494.93,6.37,1851833.84,17.44,0.34,-65.54,-50948270.85,-79.41,-28.61,59.17,-625897.55,-4.78,-1315262.38,-10.99,-56191878.53,-80.94,-0.55,-0.66,-0.07,-0.07,-0.08,-0.13,-36.02,7.69,0.0,0.0,-1.5,-1.76,-122.48,0.84
2022-10-31,11986570.55,0.0,-483894.93,-3.88,-483894.93,-3.88,1367938.91,12.88,0.33,-67.32,-51432165.78,-80.21,-30.19,59.18,-1292764.67,-9.74,-2952243.17,-20.57,-56390492.74,-81.61,-0.58,-0.69,-0.07,-0.07,-0.08,-0.13,-37.38,-3.9,-3.9,0.0,-1.54,-1.8,-125.95,0.84
2022-11-01,11704805.37,0.0,-281765.18,-2.35,-765660.11,-6.14,-281765.18,-2.35,0.32,-67.78,-51713930.96,-80.68,-31.12,59.14,-1302415.66,-10.02,-3064186.44,-21.61,-53635893.97,-81.22,-0.59,-0.71,-0.07,-0.07,-0.08,-0.13,-37.7,-2.37,-2.37,0.0,-1.52,-1.78,-123.93,0.84
2022-11-02,10817592.66,0.0,-887212.71,-7.58,-1652872.82,-13.25,-1168977.89,-9.75,0.3,-70.43,-52601143.67,-82.14,-34.23,59.29,-1635887.62,-13.14,-2926756.84,-22.57,-54688493.59,-82.69,-0.64,-0.77,-0.07,-0.07,-0.08,-0.13,-39.85,-7.6,-7.6,0.01,-1.61,-1.87,-131.76,0.85
2022-11-03,10417114.8,0.0,-400477.86,-3.7,-2053350.68,-16.46,-1569455.75,-13.09,0.29,-71.11,-53001621.53,-82.8,-35.71,59.29,-1686833.22,-13.93,-3262496.68,-25.12,-56630897.28,-83.7,-0.67,-0.8,-0.07,-0.07,-0.08,-0.13,-40.38,-3.72,-3.72,0.0,-1.68,-1.95,-137.77,0.85
2022-11-04,10810986.93,0.0,393872.13,3.78,-1659478.55,-13.3,-1175583.62,-9.8,0.3,-69.9,-52607749.4,-82.15,-34.08,59.29,-692236.58,-6.02,-2323634.15,-19.32,-55928014.87,-83.01,-0.64,-0.77,-0.07,-0.07,-0.08,-0.13,-39.31,3.77,0.0,0.0,-1.62,-1.9,-133.54,0.85
2022-11-07,11038606.08,0.0,227619.15,2.11,227619.15,2.11,-947964.47,-7.9,0.31,-69.37,-52380130.25,-81.77,-33.15,59.26,-293638.07,-2.59,-2521165.19,-20.0,-56639861.72,-82.89,-0.63,-0.75,-0.07,-0.07,-0.08,-0.13,-38.81,2.09,0.0,0.0,-1.61,-1.89,-132.81,0.85
2022-11-08,11200351.19,0.0,161745.11,1.47,389364.26,3.61,-786219.36,-6.55,0.31,-68.55,-52218385.14,-81.5,-32.49,59.22,-115481.81,-1.02,-2374746.87,-18.91,-56802439.42,-82.72,-0.62,-0.74,-0.07,-0.07,-0.08,-0.13,-38.08,1.45,0.0,0.0,-1.6,-1.87,-131.81,0.85
2022-11-09,10456370.63,0.0,-743980.56,-6.64,-354616.3,-3.27,-1530199.92,-12.76,0.29,-71.06,-52962365.7,-82.73,-35.18,59.32,-1506787.02,-12.59,-3070795.86,-24.04,-59080857.71,-84.22,-0.66,-0.79,-0.07,-0.07,-0.08,-0.13,-40.13,-6.66,-6.66,0.0,-1.7,-1.99,-140.67,0.85
2022-11-10,12302029.11,0.0,1845658.48,17.65,1491042.18,13.8,315458.56,2.64,0.34,-65.88,-51116707.22,-79.68,-27.83,60.36,1223298.06,11.05,-1280963.77,-10.97,-57369280.53,-81.46,-0.53,-0.64,-0.07,-0.07,-0.08,-0.13,-35.87,17.64,0.0,0.0,-1.46,-1.75,-123.21,0.87
2022-11-11,12832650.07,0.0,530620.96,4.31,2021663.14,18.71,846079.52,7.07,0.35,-64.53,-50586086.26,-78.8,-26.01,60.38,2214018.43,20.86,-1633725.67,-12.38,-53653583.62,-79.75,-0.5,-0.6,-0.07,-0.07,-0.08,-0.13,-34.79,4.3,0.0,0.0,-1.36,-1.63,-114.4,0.87
2022-11-14,12505352.81,0.0,-327297.26,-2.55,-327297.26,-2.55,518782.26,4.34,0.34,-65.89,-50913383.52,-79.34,-27.02,60.35,1226543.32,10.87,-1282320.07,-10.74,-52028271.73,-79.68,-0.51,-0.63,-0.07,-0.07,-0.08,-0.13,-35.78,-2.57,-2.57,0.0,-1.36,-1.62,-114.06,0.87
2022-11-15,12996176.83,0.0,490824.02,3.92,163526.76,1.27,1009606.28,8.44,0.35,-64.67,-50422559.5,-78.53,-25.36,60.36,855127.83,7.05,-120799.56,-2.88,-52243965.0,-79.11,-0.49,-0.59,-0.07,-0.07,-0.08,-0.13,-34.8,3.91,0.0,0.0,-1.32,-1.58,-111.22,0.87
2022-11-16,12565323.83,0.0,-430853.0,-3.32,-267326.24,-2.09,578753.28,4.84,0.34,-66.16,-50853412.5,-79.24,-26.68,60.34,487456.27,4.03,-549482.54,-6.09,-52711004.01,-79.82,-0.51,-0.62,-0.07,-0.07,-0.08,-0.13,-35.9,-3.33,-3.33,0.0,-1.36,-1.63,-114.59,0.87
2022-11-17,12411063.78,0.0,-154260.05,-1.23,-421586.29,-3.29,424493.23,3.55,0.34,-66.42,-51007672.55,-79.49,-27.14,60.3,522357.91,4.39,-596783.73,-6.55,-51888554.89,-79.77,-0.52,-0.63,-0.07,-0.07,-0.08,-0.13,-36.05,-1.24,-1.24,0.0,-1.36,-1.63,-114.35,0.87
2022-11-18,12401340.98,0.0,-9722.8,-0.08,-431309.09,-3.37,414770.43,3.47,0.34,-66.03,-51017395.35,-79.51,-27.13,60.25,1423882.09,12.96,-1483729.12,-12.06,-53825117.5,-80.36,-0.52,-0.63,-0.07,-0.07,-0.08,-0.13,-35.7,-0.09,-0.09,0.0,-1.4,-1.67,-117.37,0.87
2022-11-21,11992331.37,0.0,-409009.61,-3.3,-409009.61,-3.3,5760.82,0.06,0.33,-67.12,-51426404.96,-80.19,-28.43,60.24,1295268.86,12.09,-1568623.65,-13.1,-52693054.27,-80.56,-0.54,-0.66,-0.07,-0.07,-0.08,-0.13,-36.51,-3.31,-3.31,0.0,-1.41,-1.68,-118.38,0.87
2022-11-22,12513022.88,0.0,520691.51,4.34,111681.9,0.9,526452.33,4.4,0.34,-65.57,-50905713.45,-79.33,-26.62,60.25,2117114.99,20.35,-2433184.61,-17.12,-50130452.67,-79.07,-0.51,-0.62,-0.07,-0.07,-0.08,-0.13,-35.26,4.33,0.0,0.0,-1.32,-1.58,-110.94,0.87
2022-11-23,12807756.71,0.0,294733.83,2.36,406415.73,3.28,821186.16,6.86,0.35,-65.2,-50610979.62,-78.84,-25.62,60.23,2391559.67,22.94,-2823253.32,-18.63,-51067959.15,-78.98,-0.49,-0.6,-0.07,-0.07,-0.08,-0.13,-34.93,2.34,0.0,0.0,-1.32,-1.57,-110.51,0.87
2022-11-24,12843251.9,0.0,35495.19,0.28,441910.92,3.57,856681.35,7.16,0.35,-64.9,-50575484.43,-78.78,-25.46,60.18,1810785.98,16.39,-3568400.23,-22.02,-49319285.15,-78.36,-0.49,-0.6,-0.07,-0.07,-0.08,-0.13,-34.66,0.26,0.0,0.0,-1.28,-1.54,-107.6,0.87
2022-11-25,12704995.27,0.0,-138256.63,-1.08,303654.29,2.46,718424.72,6.01,0.35,-65.38,-50713741.06,-79.01,-25.86,60.13,2440488.65,23.76,-3147157.24,-20.33,-49940130.51,-78.75,-0.5,-0.6,-0.06,-0.07,-0.08,-0.13,-34.98,-1.09,-1.09,0.0,-1.3,-1.56,-109.44,0.87
2022-11-28,12123921.12,0.0,-581074.15,-4.57,-581074.15,-4.57,137350.57,1.16,0.33,-66.6,-51294815.21,-79.97,-27.67,60.15,1207790.6,11.04,-3488871.83,-22.89,-53604703.15,-80.66,-0.53,-0.64,-0.06,-0.07,-0.08,-0.13,-35.87,-4.59,-4.59,0.0,-1.41,-1.69,-118.84,0.87
2022-11-29,11917588.28,0.0,-206332.84,-1.7,-787406.99,-6.19,-68982.27,-0.56,0.32,-67.56,-51501148.05,-80.31,-28.31,60.11,788830.45,7.07,-2905079.85,-20.45,-53757171.46,-80.97,-0.54,-0.65,-0.06,-0.07,-0.08,-0.13,-36.58,-1.72,-1.72,0.0,-1.43,-1.71,-120.46,0.87
2022-11-30,13295405.64,0.0,1377817.36,11.56,590410.37,4.66,1308835.09,10.94,0.36,-64.3,-50123330.69,-78.03,-23.6,60.52,2152987.1,19.3,-3650155.22,-21.65,-50605949.88,-78.19,-0.46,-0.56,-0.06,-0.07,-0.08,-0.13,-34.03,11.55,0.0,0.0,-1.26,-1.51,-106.25,0.88
2022-12-01,13525868.2,0.0,230462.56,1.73,820872.93,6.47,230462.56,1.73,0.37,-63.38,-49892868.13,-77.65,-22.86,60.48,2505567.28,22.72,-4114566.05,-23.24,-51653863.3,-78.24,-0.44,-0.54,-0.06,-0.07,-0.08,-0.13,-33.3,1.72,0.0,0.0,-1.26,-1.52,-106.48,0.88
2022-12-02,13589219.82,0.0,63351.62,0.47,884224.55,6.97,293814.18,2.21,0.37,-62.83,-49829516.51,-77.55,-22.64,60.43,1865249.27,15.89,-5003253.75,-26.59,-50264967.65,-77.69,-0.44,-0.54,-0.06,-0.07,-0.08,-0.13,-32.86,0.45,0.0,0.0,-1.23,-1.48,-104.01,0.88
2022-12-05,12861882.73,0.0,-727337.09,-5.35,-727337.09,-5.35,-433522.91,-3.26,0.35,-64.98,-50556853.6,-78.75,-24.75,60.48,797548.28,6.59,-5706007.54,-30.44,-49418372.63,-78.36,-0.48,-0.58,-0.06,-0.07,-0.08,-0.13,-34.41,-5.37,-5.37,0.0,-1.26,-1.52,-106.94,0.88
2022-12-06,12325370.09,0.0,-536512.64,-4.17,-1263849.73,-9.3,-970035.55,-7.3,0.34,-66.46,-51093366.24,-79.64,-26.38,60.49,-240213.39,-1.92,-5598999.13,-31.09,-52120747.69,-79.95,-0.5,-0.62,-0.06,-0.07,-0.08,-0.13,-35.49,-4.19,-4.19,0.0,-1.35,-1.62,-114.52,0.88
2022-12-07,12396874.73,0.0,71504.64,0.58,-1192345.09,-8.77,-898530.91,-6.76,0.34,-65.8,-51021861.6,-79.52,-26.11,60.44,399978.46,3.33,-6714286.82,-34.75,-49553455.84,-79.03,-0.5,-0.61,-0.06,-0.07,-0.08,-0.13,-34.94,0.56,0.0,0.0,-1.3,-1.56,-110.14,0.88
2022-12-08,12656395.51,0.0,259520.78,2.09,-932824.31,-6.86,-639010.13,-4.81,0.35,-65.29,-50762340.82,-79.09,-25.23,60.41,1077696.18,9.31,-6751559.7,-34.34,-48616977.19,-78.36,-0.48,-0.59,-0.06,-0.07,-0.08,-0.13,-34.51,2.08,0.0,0.0,-1.26,-1.52,-106.98,0.88
2022-12-09,12221011.36,0.0,-435384.15,-3.44,-1368208.46,-10.06,-1074394.28,-8.08,0.34,-66.2,-51197724.97,-79.81,-26.57,60.4,-249454.12,-2.0,-6323156.52,-33.82,-47614542.6,-78.62,-0.51,-0.62,-0.06,-0.07,-0.08,-0.13,-35.16,-3.46,-3.46,0.0,-1.28,-1.54,-108.12,0.88
2022-12-12,12545137.31,0.0,324125.95,2.65,324125.95,2.65,-750268.33,-5.64,0.35,-65.1,-50873599.02,-79.27,-25.47,60.37,558566.76,4.66,-6059861.12,-32.28,-49034541.44,-78.66,-0.49,-0.6,-0.06,-0.07,-0.08,-0.13,-34.28,2.64,0.0,0.0,-1.28,-1.54,-108.33,0.88
2022-12-13,13002683.9,0.0,457546.59,3.65,781672.54,6.39,-292721.74,-2.2,0.36,-63.72,-50416052.43,-78.51,-23.97,60.37,1297878.53,11.08,-5248673.75,-28.53,-49751489.67,-78.29,-0.46,-0.57,-0.06,-0.07,-0.08,-0.13,-33.21,3.63,0.0,0.0,-1.26,-1.51,-106.55,0.88
2022-12-14,12644898.55,-100000.0,-257785.35,-1.98,523887.19,4.28,-550507.09,-4.14,0.35,-64.71,-50673837.78,-78.94,-24.72,60.34,1927305.89,17.82,-6849644.25,-34.48,-50419604.94,-78.85,-0.48,-0.58,-0.05,-0.07,-0.08,-0.13,-33.9,-2.0,-2.0,0.0,-1.29,-1.55,-109.17,0.88
2022-12-15,11593998.19,0.0,-1050900.36,-8.31,-527013.17,-4.39,-1601407.45,-12.11,0.32,-67.91,-51724738.14,-80.69,-27.98,60.51,1276883.39,12.18,-7397311.48,-38.43,-51456797.74,-80.61,-0.53,-0.65,-0.06,-0.08,-0.08,-0.13,-36.3,-8.33,-8.33,0.01,-1.38,-1.65,-117.46,0.88
2022-12-16,11182541.78,0.0,-411456.41,-3.55,-938469.58,-7.78,-2012863.86,-15.23,0.31,-69.14,-52136194.55,-81.38,-29.34,60.5,471554.85,4.26,-9039319.21,-44.02,-53674026.3,-81.81,-0.55,-0.67,-0.06,-0.08,-0.08,-0.13,-37.24,-3.56,-3.56,0.0,-1.45,-1.74,-123.82,0.88
2022-12-19,10468147.82,0.0,-714393.96,-6.39,-714393.96,-6.39,-2727257.82,-20.65,0.29,-70.98,-52850588.51,-82.57,-31.83,60.58,-470458.26,-4.42,-10098076.27,-48.42,-53877330.4,-82.84,-0.59,-0.72,-0.07,-0.08,-0.08,-0.13,-38.7,-6.4,-6.4,0.0,-1.51,-1.81,-129.44,0.88
2022-12-20,10503822.69,0.0,35674.87,0.34,-678719.09,-6.07,-2691582.95,-20.38,0.29,-70.9,-52814913.64,-82.51,-31.64,60.53,-596528.5,-5.49,-9898301.52,-47.85,-53484882.18,-82.69,-0.59,-0.72,-0.07,-0.08,-0.08,-0.13,-38.59,0.32,0.0,0.0,-1.5,-1.79,-128.56,0.89
2022-12-21,10953872.42,0.0,450049.73,4.28,-228669.36,-2.05,-2241533.22,-16.97,0.3,-69.76,-52364863.91,-81.76,-29.9,60.55,597501.79,5.57,-8706284.42,-43.69,-52986097.1,-81.93,-0.56,-0.69,-0.06,-0.08,-0.08,-0.13,-37.6,4.27,0.0,0.0,-1.45,-1.74,-124.21,0.89
2022-12-22,10189035.75,0.0,-764836.67,-6.98,-993506.03,-8.89,-3006369.89,-22.77,0.28,-72.09,-53129700.58,-83.03,-32.61,60.66,-2012993.36,-16.54,-9694634.37,-48.18,-53129700.58,-83.03,-0.6,-0.74,-0.07,-0.08,-0.08,-0.13,-39.5,-7.0,-7.0,0.0,-1.51,-1.81,-130.24,0.89
2022-12-23,9978109.29,0.0,-210926.46,-2.07,-1204432.49,-10.78,-3217296.35,-24.37,0.27,-72.58,-53340627.04,-83.38,-33.37,60.62,-2754540.78,-21.64,-8737678.23,-46.29,-51398604.29,-82.87,-0.62,-0.75,-0.07,-0.08,-0.08,-0.13,-39.87,-2.09,-2.09,0.0,-1.5,-1.8,-129.3,0.89
2022-12-26,9978169.18,0.0,59.89,0.0,59.89,0.0,-3217236.46,-24.37,0.27,-73.0,-53340567.15,-83.38,-33.32,60.57,-2427183.63,-19.59,-7243914.75,-41.95,-50334650.09,-82.57,-0.62,-0.75,-0.07,-0.07,-0.08,-0.13,-40.19,-0.02,-0.02,0.0,-1.48,-1.77,-127.6,0.89
2022-12-27,9508421.94,0.0,-469747.24,-4.71,-469687.35,-4.71,-3686983.7,-27.93,0.26,-74.27,-53810314.39,-84.16,-35.11,60.59,-3387754.89,-26.26,-7804168.46,-44.97,-47124639.65,-82.33,-0.65,-0.79,-0.07,-0.07,-0.08,-0.13,-41.26,-4.72,-4.72,0.0,-1.47,-1.76,-126.33,0.89
2022-12-28,9078280.81,0.0,-430141.13,-4.52,-899828.48,-9.02,-4117124.83,-31.19,0.25,-75.18,-54240455.52,-84.88,-36.83,60.61,-3387043.02,-27.18,-8405211.52,-47.97,-47434463.74,-83.1,-0.67,-0.82,-0.07,-0.07,-0.08,-0.13,-42.03,-4.54,-4.54,0.0,-1.52,-1.81,-130.64,0.89
2022-12-29,9878008.67,0.0,799727.86,8.81,-100100.62,-1.01,-3317396.97,-25.13,0.27,-72.8,-53440727.66,-83.55,-33.33,60.82,-2433055.11,-19.78,-8648846.15,-46.55,-45664534.18,-81.3,-0.61,-0.75,-0.07,-0.07,-0.08,-0.13,-39.87,8.79,0.0,0.0,-1.39,-1.67,-120.15,0.89
2022-12-30,9813126.26,0.0,-64882.41,-0.66,-164983.03,-1.66,-3382279.38,-25.62,0.27,-73.18,-53505610.07,-83.66,-33.53,60.77,-2488214.72,-20.24,-6363062.67,-39.24,-45665411.42,-81.4,-0.62,-0.76,-0.07,-0.07,-0.08,-0.13,-40.15,-0.67,-0.67,0.0,-1.4,-1.68,-120.7,0.89
2023-01-03,10323570.45,0.0,510444.19,5.2,510444.19,5.2,510444.19,5.2,0.28,-71.6,510444.19,5.2,-31.45,60.82,-1568760.92,-13.23,-5399041.0,-34.24,-46767117.76,-80.97,-0.58,-0.72,-0.07,-0.07,-0.08,-0.13,-38.75,5.19,0.0,0.0,-1.37,-1.65,-118.34,0.89
2023-01-04,10572975.73,0.0,249405.28,2.42,759849.47,7.74,759849.47,7.74,0.29,-71.32,759849.47,7.74,-30.47,60.79,-1840047.15,-14.83,-4418750.03,-29.39,-46985798.44,-80.67,-0.57,-0.7,-0.07,-0.07,-0.08,-0.13,-38.48,2.4,0.0,0.0,-1.35,-1.63,-116.72,0.89
2023-01-05,10935390.81,0.0,362415.08,3.43,1122264.55,11.43,1122264.55,11.43,0.3,-70.01,1122264.55,11.43,-29.09,60.78,-1772365.9,-13.94,-3636673.79,-24.88,-44378277.45,-79.21,-0.54,-0.67,-0.07,-0.07,-0.08,-0.13,-37.35,3.41,0.0,0.0,-1.27,-1.53,-109.47,0.9
2023-01-06,12732566.75,0.0,1797175.94,16.43,2919440.49,29.74,2919440.49,29.74,0.35,-65.07,2919440.49,29.74,-22.67,61.61,-10685.15,-0.08,-1711294.38,-11.77,-42832787.12,-75.9,-0.43,-0.54,-0.07,-0.07,-0.08,-0.13,-33.49,16.42,0.0,0.0,-1.07,-1.32,-93.48,0.91
2023-01-09,12773216.68,0.0,40649.93,0.32,40649.93,0.32,2960090.42,30.15,0.35,-64.89,2960090.42,30.15,-22.51,61.56,168221.41,1.33,-1134143.48,-8.1,-42851349.39,-75.85,-0.43,-0.54,-0.07,-0.07,-0.08,-0.13,-33.31,0.3,0.0,0.0,-1.07,-1.31,-93.26,0.91
2023-01-10,12927446.33,0.0,154229.65,1.21,194879.58,1.53,3114320.07,31.72,0.35,-64.58,3114320.07,31.72,-22.01,61.52,903525.21,7.47,-980431.17,-6.99,-40175323.0,-74.42,-0.42,-0.53,-0.07,-0.07,-0.08,-0.13,-33.04,1.19,0.0,0.0,-1.01,-1.24,-87.62,0.91
2023-01-11,13803950.05,0.0,876503.72,6.78,1071383.3,8.41,3990823.79,40.65,0.37,-62.63,3990823.79,40.65,-19.36,61.62,1986361.77,16.74,381183.11,2.88,-38508401.48,-72.28,-0.38,-0.47,-0.07,-0.07,-0.08,-0.13,-31.6,6.76,0.0,0.0,-0.91,-1.13,-79.39,0.91
2023-01-12,14448208.5,0.0,644258.45,4.67,1715641.75,13.47,4635082.24,47.21,0.39,-61.27,4635082.24,47.21,-17.53,61.64,1252802.86,9.53,66115.21,0.55,-36900893.63,-70.46,-0.35,-0.44,-0.07,-0.07,-0.08,-0.13,-30.62,4.65,0.0,0.0,-0.84,-1.04,-72.92,0.91
2023-01-13,14633790.25,0.0,185581.75,1.28,1901223.5,14.93,4820663.99,49.1,0.4,-60.5,4820663.99,49.1,-17.01,61.6,1207922.05,9.05,50922.13,0.45,-34714949.94,-68.9,-0.34,-0.43,-0.07,-0.07,-0.08,-0.13,-30.05,1.27,0.0,0.0,-0.79,-0.97,-67.84,0.91
2023-01-16,14634618.12,0.0,827.87,0.01,827.87,0.01,4821491.86,49.11,0.4,-60.0,4821491.86,49.11,-16.98,61.55,1145398.3,8.54,-1116052.02,-6.95,-34548615.44,-68.79,-0.34,-0.43,-0.07,-0.07,-0.08,-0.13,-29.67,-0.01,-0.01,0.0,-0.78,-0.97,-67.5,0.91
2023-01-17,14508755.11,0.0,-125863.01,-0.86,-125035.14,-0.85,4695628.85,47.83,0.4,-60.34,4695628.85,47.83,-17.29,61.51,1746872.38,13.7,-1898617.93,-11.41,-33258109.06,-68.16,-0.35,-0.43,-0.07,-0.07,-0.08,-0.13,-29.87,-0.88,-0.88,0.0,-0.76,-0.94,-65.55,0.91
2023-01-18,14619085.7,0.0,110330.59,0.76,-14704.55,-0.1,4805959.44,48.95,0.4,-59.7,4805959.44,48.95,-16.97,61.46,2393715.61,19.55,1057883.72,7.86,-32975137.78,-67.81,-0.34,-0.43,-0.07,-0.07,-0.08,-0.13,-29.39,0.74,0.0,0.0,-0.75,-0.93,-64.44,0.91
2023-01-19,14428981.9,0.0,-190103.8,-1.3,-204808.35,-1.4,4615855.64,47.01,0.39,-60.52,4615855.64,47.01,-17.44,61.42,2132107.17,17.31,371095.53,2.72,-32329265.07,-67.68,-0.35,-0.44,-0.07,-0.07,-0.08,-0.13,-29.91,-1.32,-1.32,0.0,-0.74,-0.92,-64.03,0.91
2023-01-20,14931160.37,0.0,502178.47,3.48,297370.12,2.03,5118034.11,52.13,0.4,-59.64,5118034.11,52.13,-16.09,61.41,2374764.86,18.91,1650216.64,12.47,-33936578.4,-67.96,-0.33,-0.41,-0.07,-0.07,-0.08,-0.13,-29.28,3.46,0.0,0.0,-0.76,-0.93,-64.94,0.91
2023-01-23,15478120.5,0.0,546960.13,3.66,546960.13,3.66,5664994.24,57.7,0.41,-58.53,5664994.24,57.7,-14.67,61.41,3357109.14,27.66,2481757.47,19.12,-35597802.66,-68.18,-0.3,-0.38,-0.07,-0.07,-0.08,-0.13,-28.51,3.65,0.0,0.0,-0.76,-0.94,-65.68,0.91
2023-01-24,15673707.19,0.0,195586.69,1.26,742546.82,4.97,5860580.93,59.69,0.42,-58.48,5860580.93,59.69,-14.16,61.37,3228569.88,25.93,2494371.97,18.96,-35923436.46,-68.1,-0.3,-0.37,-0.07,-0.07,-0.08,-0.13,-28.44,1.25,0.0,0.0,-0.76,-0.94,-65.42,0.91
2023-01-25,15663390.44,0.0,-10316.75,-0.07,732230.07,4.9,5850264.18,59.58,0.42,-58.03,5850264.18,59.58,-14.17,61.32,2760706.54,21.41,2756169.41,21.36,-36895660.58,-68.69,-0.3,-0.37,-0.07,-0.07,-0.08,-0.13,-28.11,-0.08,-0.08,0.0,-0.78,-0.97,-67.31,0.91
2023-01-26,16575706.39,0.0,912315.95,5.82,1644546.02,11.01,6762580.13,68.87,0.44,-55.55,6762580.13,68.87,-11.94,61.38,3930807.84,31.07,4222226.11,34.14,-32829531.2,-64.81,-0.26,-0.33,-0.07,-0.07,-0.08,-0.13,-26.49,5.81,0.0,0.0,-0.65,-0.81,-55.63,0.91
2023-01-27,16616722.49,0.0,41016.1,0.25,1685562.12,11.28,6803596.23,69.29,0.44,-55.89,6803596.23,69.29,-11.83,61.34,5022724.3,43.3,4612774.47,38.36,-33608058.46,-65.29,-0.26,-0.32,-0.06,-0.07,-0.08,-0.13,-26.67,0.23,0.0,0.0,-0.67,-0.83,-57.0,0.91
2023-01-30,15505699.99,0.0,-1111022.5,-6.69,-1111022.5,-6.69,5692573.73,57.97,0.41,-58.94,5692573.73,57.97,-14.34,61.43,4323158.21,38.64,4102476.48,35.85,-34254474.05,-67.31,-0.3,-0.37,-0.07,-0.07,-0.08,-0.13,-28.6,-6.7,-6.7,0.0,-0.73,-0.9,-62.79,0.91
2023-01-31,16193206.1,0.0,687506.11,4.43,-423516.39,-2.55,6380079.84,64.97,0.43,-57.18,6380079.84,64.97,-12.64,61.44,5725058.28,54.67,4960961.95,44.01,-34232372.35,-66.3,-0.27,-0.34,-0.06,-0.07,-0.08,-0.13,-27.42,4.42,0.0,0.0,-0.7,-0.86,-59.66,0.92
2023-02-01,17570199.83,0.0,1376993.73,8.5,953477.34,5.74,1376993.73,8.5,0.47,-53.34,7757073.57,79.0,-9.42,61.62,7066377.14,67.24,6354366.83,56.47,-34987916.11,-64.89,-0.22,-0.27,-0.06,-0.07,-0.08,-0.13,-24.99,8.49,0.0,0.0,-0.65,-0.8,-55.29,0.92
2023-02-02,18770104.78,0.0,1199904.95,6.83,2153382.29,12.96,2576898.68,15.91,0.5,-49.79,8956978.52,91.22,-6.83,61.72,7816232.36,71.33,6906947.13,58.11,-31457639.07,-60.79,-0.18,-0.22,-0.06,-0.07,-0.08,-0.13,-22.86,6.81,0.0,0.0,-0.52,-0.65,-44.13,0.92
2023-02-03,17545686.01,0.0,-1224418.77,-6.52,928963.52,5.59,1352479.91,8.35,0.47,-53.26,7732559.75,78.75,-9.28,61.8,7356650.26,72.17,6566954.96,59.59,-30765333.45,-61.94,-0.21,-0.27,-0.06,-0.07,-0.08,-0.13,-24.88,-6.54,-6.54,0.0,-0.55,-0.69,-46.93,0.92
2023-02-06,16877161.52,0.0,-668524.49,-3.81,-668524.49,-3.81,683955.42,4.22,0.45,-54.79,7064035.26,71.94,-10.69,61.8,6899052.23,69.12,6358529.88,60.16,-31316925.11,-63.3,-0.24,-0.3,-0.06,-0.07,-0.08,-0.13,-25.78,-3.83,-3.83,0.0,-0.59,-0.74,-50.5,0.92
2023-02-07,17542121.67,0.0,664960.15,3.94,-3564.34,-0.02,1348915.57,8.33,0.47,-53.23,7728995.41,78.71,-9.2,61.8,7563952.49,75.78,6363312.18,56.72,-31835038.03,-62.74,-0.21,-0.27,-0.06,-0.07,-0.08,-0.13,-24.79,3.92,0.0,0.0,-0.57,-0.72,-48.95,0.92
2023-02-08,17014048.25,0.0,-528073.42,-3.01,-531637.76,-3.03,820842.15,5.07,0.46,-54.41,7200921.99,73.33,-10.31,61.78,7505626.31,78.92,4972999.25,41.21,-32712272.51,-64.11,-0.23,-0.29,-0.06,-0.07,-0.08,-0.13,-25.48,-3.03,-3.03,0.0,-0.61,-0.77,-52.65,0.92
2023-02-09,16469776.83,0.0,-544271.42,-3.2,-1075909.18,-6.13,276570.73,1.71,0.45,-55.47,6656650.57,67.79,-11.49,61.76,7391496.02,81.39,4491909.27,37.41,-31141373.85,-63.75,-0.25,-0.32,-0.05,-0.07,-0.08,-0.13,-26.1,-3.21,-3.21,0.0,-0.6,-0.75,-51.7,0.92
2023-02-10,16152716.92,0.0,-317059.91,-1.93,-1392969.09,-7.94,-40489.18,-0.25,0.44,-55.87,6339590.66,64.56,-12.19,61.73,6274708.25,63.49,4364011.05,36.91,-30708627.37,-63.9,-0.26,-0.33,-0.05,-0.07,-0.08,-0.13,-26.31,-1.94,-1.94,0.0,-0.61,-0.76,-52.1,0.92
2023-02-13,16809386.06,0.0,656669.14,4.07,656669.14,4.07,616179.96,3.81,0.46,-54.21,6996259.8,71.25,-10.66,61.74,6996259.8,71.26,5931927.17,54.29,-30061666.17,-62.44,-0.24,-0.3,-0.05,-0.07,-0.08,-0.13,-25.26,4.05,0.0,0.0,-0.56,-0.7,-48.05,0.92
2023-02-14,17073632.6,0.0,264246.54,1.57,920915.68,5.71,880426.5,5.44,0.47,-53.28,7260506.34,73.94,-10.06,61.7,6750062.15,65.36,6476570.09,60.83,-29175312.23,-61.35,-0.23,-0.29,-0.05,-0.07,-0.08,-0.13,-24.67,1.56,0.0,0.0,-0.53,-0.66,-45.19,0.92
2023-02-15,17175890.23,0.0,102257.63,0.6,1023173.31,6.34,982684.13,6.07,0.47,-52.72,7362763.97,74.98,-9.82,61.65,6602914.5,62.42,6879982.34,66.48,-27766626.36,-60.02,-0.22,-0.28,-0.05,-0.07,-0.08,-0.13,-24.3,0.58,0.0,0.0,-0.5,-0.62,-41.84,0.92
2023-02-16,15969864.68,0.0,-1206025.55,-7.02,-182852.24,-1.13,-223341.42,-1.38,0.44,-56.3,6156738.42,62.69,-12.42,61.75,5034473.87,46.01,5653667.64,54.48,-30317625.23,-63.88,-0.27,-0.33,-0.07,-0.07,-0.08,-0.13,-26.45,-7.04,-7.04,0.0,-0.6,-0.75,-51.77,0.93
2023-02-17,15471221.98,0.0,-498642.7,-3.12,-681494.94,-4.22,-721984.12,-4.46,0.43,-57.37,5658095.72,57.61,-13.55,61.74,2738655.23,21.49,4538756.06,41.3,-31894972.95,-65.78,-0.28,-0.36,-0.07,-0.07,-0.08,-0.13,-27.09,-3.14,-3.14,0.0,-0.66,-0.82,-57.16,0.93
2023-02-20,15475951.1,0.0,4729.12,0.03,4729.12,0.03,-717255.0,-4.43,0.43,-56.99,5662824.84,57.66,-13.52,61.69,2702734.42,21.14,5311444.48,51.92,-32527472.68,-66.21,-0.28,-0.36,-0.07,-0.07,-0.08,-0.13,-26.82,0.01,0.0,0.0,-0.67,-0.84,-58.44,0.93
2023-02-21,14283711.39,0.0,-1192239.71,-7.7,-1187510.59,-7.68,-1909494.71,-11.79,0.4,-60.31,4470585.13,45.51,-16.35,61.82,1356265.06,10.47,3467580.87,31.84,-33508940.09,-68.68,-0.33,-0.41,-0.07,-0.07,-0.08,-0.13,-28.93,-7.72,-7.72,0.01,-0.75,-0.93,-65.71,0.93
2023-02-22,14253528.28,0.0,-30183.11,-0.21,-1217693.7,-7.88,-1939677.82,-11.98,0.4,-60.08,4440402.02,45.2,-16.4,61.78,449578.23,3.25,3224770.45,29.05,-35133812.59,-69.73,-0.33,-0.41,-0.07,-0.07,-0.08,-0.13,-28.74,-0.23,-0.23,0.0,-0.79,-0.98,-69.17,0.93
2023-02-23,14624362.29,0.0,370834.01,2.6,-846859.69,-5.48,-1568843.81,-9.69,0.41,-58.96,4811236.03,48.98,-15.42,61.75,176153.79,1.21,3581943.75,32.25,-33924467.99,-68.42,-0.31,-0.4,-0.07,-0.07,-0.08,-0.13,-27.97,2.59,0.0,0.0,-0.74,-0.92,-64.91,0.93
2023-02-24,14048773.57,0.0,-575588.72,-3.94,-1422448.41,-9.2,-2144432.53,-13.24,0.39,-60.61,4235647.31,43.12,-16.84,61.75,-585016.68,-4.01,3128472.65,28.46,-34301317.57,-69.54,-0.34,-0.42,-0.07,-0.07,-0.08,-0.13,-29.02,-3.95,-3.95,0.0,-0.78,-0.97,-68.45,0.93
2023-02-27,14281787.49,0.0,233013.92,1.66,233013.92,1.66,-1911418.61,-11.8,0.4,-60.35,4468661.23,45.49,-16.21,61.72,-352830.63,-2.43,2657816.94,22.74,-32196638.5,-67.82,-0.33,-0.41,-0.07,-0.07,-0.08,-0.13,-28.81,1.64,0.0,0.0,-0.72,-0.9,-63.02,0.93
2023-02-28,14191366.65,0.0,-90420.84,-0.63,142593.08,1.02,-2001839.45,-12.36,0.4,-60.25,4378240.39,44.57,-16.42,61.67,-317388.46,-2.2,2227032.2,18.53,-32570262.63,-68.21,-0.33,-0.42,-0.07,-0.07,-0.08,-0.13,-28.71,-0.65,-0.65,0.0,-0.73,-0.91,-64.24,0.93
2023-03-01,13937030.92,0.0,-254335.73,-1.79,-111742.65,-0.79,-254335.73,-1.79,0.39,-60.72,4123904.66,41.98,-17.05,61.64,-682054.78,-4.68,1471447.44,11.77,-33113614.39,-68.97,-0.34,-0.43,-0.07,-0.07,-0.08,-0.13,-28.98,-1.81,-1.81,0.0,-0.76,-0.94,-66.63,0.93
2023-03-02,14303417.52,0.0,366386.6,2.63,254643.95,1.82,112050.87,0.79,0.4,-59.97,4490291.26,45.71,-16.06,61.61,-125564.38,-0.88,2406521.25,20.15,-8186014.15,-35.23,-0.33,-0.41,-0.07,-0.07,-0.08,-0.12,-28.46,2.61,0.0,0.0,-0.22,-0.31,-13.17,0.78
2023-03-03,15217385.57,0.0,913968.05,6.39,1168612.0,8.33,1026018.92,7.23,0.43,-57.44,5404259.31,55.02,-13.71,61.69,286225.2,1.91,3738686.24,32.45,-6492259.98,-28.75,-0.29,-0.36,-0.07,-0.07,-0.08,-0.12,-26.8,6.37,0.0,0.0,-0.1,-0.14,-3.5,0.78
2023-03-06,15299930.97,0.0,82545.4,0.54,82545.4,0.54,1108564.32,7.81,0.43,-56.77,5486804.71,55.86,-13.49,61.65,-178189.53,-1.16,2929465.49,23.65,-6398115.45,-28.33,-0.28,-0.36,-0.07,-0.07,-0.08,-0.12,-26.35,0.53,0.0,0.0,-0.09,-0.13,-2.91,0.78
2023-03-07,14578761.71,0.0,-721169.26,-4.71,-638623.86,-4.2,387395.06,2.73,0.41,-59.03,4765635.45,48.51,-15.19,61.67,-1094945.48,-6.99,2692191.16,22.58,-8490426.4,-35.56,-0.31,-0.39,-0.07,-0.07,-0.08,-0.12,-27.74,-4.73,-4.73,0.0,-0.23,-0.32,-13.59,0.78
2023-03-08,14612051.49,0.0,33289.78,0.23,-605334.08,-3.98,420684.84,2.96,0.41,-58.91,4798925.23,48.85,-15.08,61.62,-1051338.95,-6.71,3007246.12,25.82,-10540172.54,-40.5,-0.31,-0.39,-0.07,-0.07,-0.08,-0.12,-27.63,0.21,0.0,0.0,-0.33,-0.47,-21.92,0.78
2023-03-09,13843439.67,0.0,-768611.82,-5.26,-1373945.9,-9.03,-347926.98,-2.46,0.39,-61.16,4030313.41,41.02,-16.97,61.66,-2732266.72,-16.48,3125847.01,28.98,-12606979.34,-46.27,-0.34,-0.43,-0.07,-0.07,-0.08,-0.12,-29.06,-5.28,-5.28,0.0,-0.47,-0.65,-32.09,0.78
2023-03-10,13422254.28,0.0,-421185.39,-3.04,-1795131.29,-11.8,-769112.37,-5.43,0.38,-62.19,3609128.02,36.73,-18.05,61.64,-3194468.21,-19.22,3105139.48,29.86,-13892741.31,-49.48,-0.36,-0.45,-0.07,-0.07,-0.08,-0.12,-29.72,-3.06,-3.06,0.0,-0.55,-0.76,-38.25,0.77
2023-03-13,13461426.64,0.0,39172.36,0.29,39172.36,0.29,-729940.01,-5.15,0.38,-61.89,3648300.38,37.13,-17.91,61.6,-2044273.35,-13.17,2750439.71,25.5,-13784662.42,-49.21,-0.36,-0.45,-0.07,-0.07,-0.08,-0.12,-29.48,0.28,0.0,0.0,-0.54,-0.76,-37.72,0.77
2023-03-14,14202852.29,0.0,741425.65,5.51,780598.01,5.81,11485.64,0.07,0.4,-59.91,4389726.03,44.68,-15.9,61.64,-1990353.81,-12.28,3264246.21,29.67,-13978595.41,-48.11,-0.32,-0.41,-0.07,-0.07,-0.08,-0.12,-28.14,5.49,0.0,0.0,-0.51,-0.71,-35.49,0.78
2023-03-15,14194032.62,0.0,-8819.67,-0.06,771778.34,5.74,2665.97,0.01,0.4,-60.02,4380906.36,44.59,-15.9,61.6,-3376167.21,-19.2,3093681.43,27.71,-13483291.29,-47.24,-0.32,-0.41,-0.07,-0.07,-0.08,-0.12,-28.18,-0.08,-0.08,0.0,-0.49,-0.69,-33.84,0.78
2023-03-16,15258200.69,0.0,1064168.07,7.5,1835946.41,13.67,1066834.04,7.51,0.43,-57.0,5445074.43,55.43,-13.17,61.72,-3511904.09,-18.69,4901830.06,47.06,-13760934.23,-45.8,-0.28,-0.35,-0.07,-0.07,-0.08,-0.12,-26.23,7.48,0.0,0.0,-0.45,-0.63,-30.98,0.78
2023-03-17,14988573.33,0.0,-269627.36,-1.77,1566319.05,11.66,797206.68,5.61,0.42,-57.76,5175447.07,52.68,-13.79,61.69,-2557112.68,-14.56,2786544.22,22.79,-14064276.93,-46.82,-0.29,-0.36,-0.06,-0.07,-0.08,-0.12,-26.67,-1.78,-1.78,0.0,-0.47,-0.67,-32.86,0.78
2023-03-20,15078732.1,0.0,90158.77,0.6,90158.77,0.6,887365.45,6.25,0.42,-57.75,5265605.84,53.6,-13.55,61.64,-1798429.42,-10.64,2346082.03,18.42,-14642037.96,-47.65,-0.28,-0.36,-0.06,-0.07,-0.08,-0.12,-26.63,0.59,0.0,0.0,-0.49,-0.7,-34.46,0.78
2023-03-21,15345313.98,0.0,266581.88,1.77,356740.65,2.38,1153947.33,8.13,0.43,-57.26,5532187.72,56.32,-12.9,61.61,-2196807.69,-12.51,2939961.17,23.67,-15343020.68,-48.34,-0.27,-0.35,-0.06,-0.07,-0.08,-0.12,-26.3,1.75,0.0,0.0,-0.51,-0.72,-35.81,0.78
2023-03-22,15093513.04,0.0,-251800.94,-1.64,104939.71,0.7,902146.39,6.36,0.42,-57.71,5280386.78,53.75,-13.47,61.57,-1920535.21,-11.27,2197336.21,17.05,-15260815.19,-48.64,-0.28,-0.36,-0.06,-0.07,-0.08,-0.12,-26.54,-1.66,-1.66,0.0,-0.52,-0.73,-36.4,0.78
2023-03-23,15676804.5,0.0,583291.46,3.86,688231.17,4.59,1485437.85,10.47,0.44,-56.38,5863678.24,59.69,-12.07,61.57,-792972.33,-4.8,3211480.67,25.75,-13152285.16,-43.96,-0.26,-0.33,-0.06,-0.07,-0.08,-0.12,-25.69,3.85,0.0,0.0,-0.41,-0.58,-27.72,0.78
2023-03-24,15894029.15,0.0,217224.65,1.39,905455.82,6.04,1702662.5,12.0,0.45,-55.39,6080902.89,61.9,-11.55,61.53,-258687.77,-1.58,3582965.37,29.08,-12893695.55,-43.1,-0.25,-0.32,-0.06,-0.07,-0.08,-0.12,-25.06,1.37,0.0,0.0,-0.39,-0.55,-26.19,0.78
2023-03-27,15332726.25,0.0,-561302.9,-3.53,-561302.9,-3.53,1141359.6,8.04,0.43,-56.59,5519599.99,56.18,-12.8,61.53,-1476659.81,-8.77,3031385.27,24.62,-15158927.73,-48.06,-0.27,-0.34,-0.06,-0.07,-0.08,-0.12,-25.76,-3.55,-3.55,0.0,-0.51,-0.71,-35.39,0.78
2023-03-28,15166060.39,0.0,-166665.86,-1.09,-727968.76,-4.58,974693.74,6.87,0.43,-57.47,5352934.13,54.48,-13.17,61.49,-1907572.21,-11.15,3273729.02,27.48,-13298775.47,-45.12,-0.28,-0.35,-0.06,-0.07,-0.08,-0.12,-26.27,-1.1,-1.1,0.0,-0.44,-0.62,-30.1,0.77
2023-03-29,15749122.34,0.0,583061.95,3.84,-144906.81,-0.91,1557755.69,10.98,0.45,-55.35,5935996.08,60.42,-11.78,61.49,-1426767.89,-8.29,3336099.46,26.87,-11056383.37,-39.64,-0.26,-0.32,-0.06,-0.07,-0.08,-0.12,-24.95,3.83,0.0,0.0,-0.32,-0.45,-20.68,0.77
2023-03-30,16203488.88,0.0,454366.54,2.89,309459.73,1.95,2012122.23,14.18,0.46,-53.7,6390362.62,65.05,-10.74,61.47,233624.2,1.48,3495732.17,27.51,-10808597.61,-38.36,-0.24,-0.3,-0.05,-0.07,-0.08,-0.12,-23.94,2.87,0.0,0.0,-0.29,-0.41,-18.53,0.77
2023-03-31,16935823.79,0.0,732334.91,4.52,1041794.64,6.56,2744457.14,19.34,0.48,-51.92,7122697.53,72.51,-9.12,61.48,1464601.81,9.48,4192571.89,32.91,-9655207.55,-34.6,-0.21,-0.27,-0.05,-0.07,-0.08,-0.12,-22.89,4.5,0.0,0.0,-0.21,-0.3,-12.52,0.77
2023-04-03,17075687.12,0.0,139863.33,0.83,139863.33,0.83,139863.33,0.83,0.48,-51.6,7262560.86,73.93,-8.81,61.44,1599736.02,10.35,4470691.85,35.47,-7753361.89,-29.61,-0.21,-0.26,-0.05,-0.07,-0.08,-0.12,-22.68,0.81,0.0,0.0,-0.12,-0.17,-5.37,0.77
2023-04-04,17217822.21,0.0,142135.09,0.83,281998.42,1.67,281998.42,1.67,0.48,-51.6,7404695.95,75.38,-8.5,61.4,2934110.82,20.56,5193901.09,43.15,-7838625.28,-29.63,-0.2,-0.26,-0.04,-0.07,-0.08,-0.12,-22.65,0.82,0.0,0.0,-0.12,-0.17,-5.41,0.77
2023-04-05,16997371.13,0.0,-220451.08,-1.28,61547.34,0.37,61547.34,0.37,0.47,-52.61,7184244.87,73.13,-8.95,61.36,2743842.85,19.26,5179782.85,43.75,-9713908.47,-34.64,-0.21,-0.27,-0.04,-0.07,-0.08,-0.12,-23.2,-1.3,-1.3,0.0,-0.22,-0.31,-12.98,0.77
2023-04-06,17345488.28,0.0,348117.15,2.05,409664.49,2.43,409664.49,2.43,0.48,-52.04,7532362.02,76.68,-8.21,61.33,2721125.99,18.62,4150082.64,31.5,-8001422.38,-29.88,-0.2,-0.25,-0.04,-0.07,-0.08,-0.12,-22.84,2.03,0.0,0.0,-0.13,-0.19,-6.05,0.77
2023-04-07,17218294.97,0.0,-127193.31,-0.73,282471.18,1.68,282471.18,1.68,0.48,-52.35,7405168.71,75.38,-8.46,61.29,3169521.4,22.59,3792426.77,28.32,-8129050.91,-30.4,-0.2,-0.26,-0.04,-0.07,-0.08,-0.12,-22.99,-0.75,-0.75,0.0,-0.14,-0.2,-6.78,0.77
2023-04-10,17032461.44,0.0,-185833.53,-1.08,-185833.53,-1.08,96637.65,0.58,0.47,-52.52,7219335.18,73.49,-8.82,61.25,2750673.95,19.29,3543241.62,26.34,-8569294.25,-31.8,-0.21,-0.26,-0.04,-0.07,-0.08,-0.12,-23.06,-1.1,-1.1,0.0,-0.17,-0.24,-8.82,0.77
2023-04-11,16867836.84,0.0,-164624.6,-0.97,-350458.13,-2.04,-67986.95,-0.39,0.47,-53.45,7054710.58,71.81,-9.15,61.21,2676470.19,18.88,4105954.11,32.19,-9508607.69,-34.35,-0.21,-0.27,-0.04,-0.07,-0.08,-0.12,-23.57,-0.98,-0.98,0.0,-0.22,-0.31,-12.67,0.77
2023-04-12,16619329.76,0.0,-248507.08,-1.47,-598965.21,-3.48,-316494.03,-1.86,0.46,-53.69,6806203.5,69.28,-9.66,61.17,2682298.84,19.26,4393959.67,35.91,-9137238.99,-33.84,-0.22,-0.28,-0.04,-0.07,-0.08,-0.12,-23.68,-1.49,-1.49,0.0,-0.21,-0.3,-11.9,0.77
2023-04-13,17473567.36,0.0,854237.6,5.14,255272.39,1.48,537743.57,3.18,0.48,-51.64,7660441.1,77.98,-7.84,61.21,3170149.84,22.18,5176692.63,42.07,-6465159.63,-25.41,-0.19,-0.25,-0.04,-0.07,-0.08,-0.12,-22.48,5.12,0.0,0.0,-0.05,-0.08,-0.03,0.77
2023-04-14,16846937.98,0.0,-626629.38,-3.59,-371356.99,-2.16,-88885.81,-0.52,0.46,-53.72,7033811.72,71.6,-9.08,61.2,1629552.41,10.72,4290542.47,34.17,-4866262.22,-21.13,-0.21,-0.27,-0.04,-0.07,-0.08,-0.12,-23.64,-3.6,-3.6,0.0,0.02,0.02,5.21,0.76
2023-04-17,16456658.6,0.0,-390279.38,-2.32,-390279.38,-2.32,-479165.19,-2.82,0.45,-55.07,6643532.34,67.62,-9.88,61.17,1156727.63,7.57,4335647.24,35.73,-5360837.68,-23.3,-0.23,-0.29,-0.04,-0.07,-0.08,-0.12,-24.39,-2.33,-2.33,0.0,-0.02,-0.03,2.44,0.76
2023-04-18,16568328.53,0.0,111669.93,0.68,-278609.45,-1.66,-367495.26,-2.16,0.45,-54.69,6755202.27,68.76,-9.63,61.13,1989566.82,13.65,4123191.22,33.12,-3429741.47,-16.18,-0.22,-0.28,-0.04,-0.07,-0.08,-0.12,-24.14,0.66,0.0,0.0,0.09,0.13,11.0,0.76
2023-04-19,16311668.16,0.0,-256660.37,-1.55,-535269.82,-3.18,-624155.63,-3.68,0.44,-55.7,6498541.9,66.15,-10.16,61.1,1699616.67,11.64,3408984.26,26.44,-3859160.24,-18.14,-0.23,-0.29,-0.04,-0.07,-0.08,-0.12,-24.71,-1.56,-1.56,0.0,0.06,0.09,8.64,0.76
2023-04-20,16309166.42,0.0,-2501.74,-0.02,-537771.56,-3.19,-626657.37,-3.69,0.44,-56.01,6496040.16,66.12,-10.15,61.06,2465726.75,17.82,3664267.87,28.98,-5750547.74,-24.78,-0.23,-0.29,-0.03,-0.07,-0.08,-0.12,-24.86,-0.03,-0.03,0.0,-0.06,-0.08,-0.19,0.75
2023-04-21,16175516.33,-100000.0,-33650.09,-0.21,-571421.65,-3.39,-660307.46,-3.89,0.44,-56.09,6462390.07,65.78,-10.21,61.01,2853262.05,21.25,4681518.14,40.37,-3324357.91,-16.09,-0.23,-0.29,-0.03,-0.06,-0.07,-0.11,-24.88,-0.22,-0.22,0.0,0.08,0.12,10.14,0.75
2023-04-24,16477441.42,0.0,301925.09,1.87,301925.09,1.87,-358382.37,-2.1,0.45,-55.18,6764315.16,68.87,-9.55,60.98,3116014.78,23.16,5394899.64,48.25,-3512851.17,-16.49,-0.22,-0.28,-0.03,-0.06,-0.07,-0.11,-24.31,1.85,0.0,0.0,0.08,0.11,9.66,0.75
2023-04-25,16355839.72,0.0,-121601.7,-0.74,180323.39,1.12,-479984.07,-2.82,0.45,-55.33,6642713.46,67.62,-9.79,60.94,2252987.43,15.87,5987691.9,57.2,-3790520.78,-17.71,-0.23,-0.29,-0.03,-0.06,-0.07,-0.11,-24.37,-0.75,-0.75,0.0,0.06,0.08,8.19,0.75
2023-04-26,17123815.11,0.0,767975.39,4.7,948298.78,5.87,287991.32,1.74,0.47,-52.89,7410688.85,75.49,-8.15,60.96,3029782.49,21.38,6719992.42,64.02,-4729775.46,-20.17,-0.2,-0.25,-0.03,-0.06,-0.07,-0.11,-22.94,4.68,0.0,0.0,0.01,0.02,4.96,0.74
2023-04-27,18217996.18,0.0,1094181.07,6.39,2042479.85,12.63,1382172.39,8.24,0.5,-50.0,8504869.92,86.7,-5.93,61.04,3059795.49,20.13,7364123.76,67.35,-1380385.94,-5.94,-0.16,-0.21,-0.03,-0.06,-0.07,-0.11,-21.3,6.37,0.0,0.0,0.23,0.34,21.06,0.74
2023-04-28,19071403.95,0.0,853407.77,4.68,2895887.62,17.91,2235580.16,13.31,0.52,-47.66,9358277.69,95.45,-4.31,61.06,4182830.62,28.02,8982368.2,88.33,93461.04,1.47,-0.14,-0.17,-0.03,-0.05,-0.07,-0.11,-20.03,4.67,0.0,0.0,0.33,0.49,28.7,0.74
2023-05-01,18043276.46,0.0,-1028127.49,-5.39,-1028127.49,-5.39,-1028127.49,-5.39,0.49,-50.8,8330150.2,84.91,-6.16,61.1,3064544.36,20.39,8165167.17,81.94,917075.48,5.61,-0.17,-0.21,-0.04,-0.05,-0.07,-0.11,-21.69,-5.41,-5.41,0.0,0.39,0.57,32.41,0.74
2023-05-02,18497638.95,0.0,454362.49,2.52,-573765.0,-3.01,-573765.0,-3.01,0.5,-49.77,8784512.69,89.57,-5.29,61.08,3252324.97,21.28,8619469.77,86.52,1088653.75,6.64,-0.15,-0.19,-0.04,-0.05,-0.07,-0.11,-21.1,2.5,0.0,0.0,0.4,0.59,33.4,0.74
2023-05-03,18239611.97,0.0,-258026.98,-1.39,-831791.98,-4.36,-831791.98,-4.36,0.49,-50.7,8526485.71,86.93,-5.76,61.04,3246098.93,21.58,8831190.03,93.01,1328570.86,8.02,-0.16,-0.2,-0.04,-0.05,-0.07,-0.11,-21.58,-1.41,-1.41,0.0,0.42,0.62,34.66,0.74
2023-05-04,18151962.64,0.0,-87649.33,-0.48,-919441.31,-4.82,-919441.31,-4.82,0.49,-51.24,8438836.38,86.03,-5.91,61.0,2575158.14,16.51,9173681.83,101.19,1306484.94,7.89,-0.16,-0.21,-0.04,-0.05,-0.07,-0.11,-21.85,-0.5,-0.5,0.0,0.41,0.61,34.54,0.74
2023-05-05,18720501.93,0.0,568539.29,3.13,-350902.02,-1.84,-350902.02,-1.84,0.51,-49.47,9007375.67,91.86,-4.83,60.98,2926472.78,18.51,8942493.26,90.69,764098.56,4.87,-0.14,-0.18,-0.04,-0.05,-0.07,-0.11,-20.86,3.12,0.0,0.0,0.38,0.56,31.57,0.73
2023-05-08,18343881.04,0.0,-376620.89,-2.01,-376620.89,-2.01,-727522.91,-3.81,0.5,-50.03,8630754.78,88.0,-5.51,60.95,3111154.79,20.37,8630754.78,88.09,353378.28,2.58,-0.16,-0.2,-0.03,-0.05,-0.07,-0.11,-21.14,-2.03,-2.03,0.0,0.35,0.51,29.38,0.73
2023-05-09,18135884.33,0.0,-207996.71,-1.13,-584617.6,-3.12,-935519.62,-4.9,0.49,-50.57,8422758.07,85.87,-5.89,60.92,3069823.94,20.32,7912313.88,76.77,-513369.76,-1.92,-0.16,-0.21,-0.03,-0.05,-0.07,-0.11,-21.41,-1.15,-1.15,0.0,0.28,0.42,24.85,0.73
2023-05-10,19036363.92,0.0,900479.59,4.97,315861.99,1.69,-35040.03,-0.18,0.51,-48.57,9323237.66,95.1,-4.19,60.94,3387241.58,21.63,8563388.19,81.17,2285232.83,13.74,-0.13,-0.17,-0.03,-0.05,-0.07,-0.1,-20.31,4.95,0.0,0.0,0.48,0.72,39.3,0.73
2023-05-11,19197641.68,0.0,161277.76,0.85,477139.75,2.55,126237.73,0.67,0.51,-48.57,9484515.42,96.75,-3.89,60.91,3094152.8,19.22,8362250.87,76.66,2486355.94,14.96,-0.13,-0.16,-0.03,-0.05,-0.07,-0.1,-20.29,0.83,0.0,0.0,0.5,0.74,40.37,0.73
2023-05-12,18781078.45,0.0,-416563.23,-2.17,60576.52,0.32,-290325.5,-1.51,0.5,-50.11,9067952.19,92.48,-4.62,60.88,1945254.66,11.59,6148511.7,48.44,2168175.19,13.08,-0.14,-0.18,-0.03,-0.05,-0.07,-0.1,-21.08,-2.19,-2.19,0.0,0.48,0.71,38.74,0.73
2023-05-15,18811815.02,0.0,30736.57,0.16,30736.57,0.16,-259588.93,-1.35,0.5,-49.92,9098688.76,92.8,-4.56,60.84,1836127.9,10.86,6138598.34,48.21,1562708.16,9.39,-0.14,-0.18,-0.03,-0.05,-0.07,-0.1,-20.96,0.15,0.0,0.0,0.43,0.64,35.36,0.73
2023-05-16,18475276.31,0.0,-336538.71,-1.79,-305802.14,-1.63,-596127.64,-3.11,0.49,-50.89,8762150.05,89.35,-5.17,60.8,1357454.1,7.97,5647829.98,43.81,1752733.02,10.56,-0.15,-0.19,-0.03,-0.05,-0.07,-0.1,-21.46,-1.8,-1.8,0.0,0.44,0.66,36.4,0.73
2023-05-17,19078807.81,0.0,603531.5,3.27,297729.36,1.58,7403.86,0.06,0.51,-49.4,9365681.55,95.54,-4.05,60.79,2181436.68,12.95,5374857.76,39.08,1836111.24,10.98,-0.13,-0.17,-0.03,-0.05,-0.07,-0.1,-20.63,3.25,0.0,0.0,0.45,0.67,36.8,0.73
2023-05-18,19882431.63,0.0,803623.82,4.21,1101353.18,5.86,811027.68,4.27,0.53,-46.85,10169305.37,103.78,-2.62,60.8,2636943.35,15.34,5534223.13,38.47,1794437.86,10.64,-0.11,-0.14,-0.03,-0.05,-0.07,-0.1,-19.27,4.2,0.0,0.0,0.45,0.67,36.47,0.73
2023-05-19,19654056.38,0.0,-228375.25,-1.15,872977.93,4.64,582652.43,3.07,0.52,-47.61,9940930.12,101.44,-3.0,60.76,2535761.41,14.85,5120266.13,35.15,447459.74,3.42,-0.12,-0.15,-0.03,-0.05,-0.07,-0.1,-19.64,-1.16,-1.16,0.0,0.35,0.52,29.57,0.73
2023-05-22,19397023.29,0.0,-257033.09,-1.31,-257033.09,-1.31,325619.34,1.72,0.51,-48.68,9683897.03,98.81,-3.44,60.73,2464561.85,14.59,4862405.17,33.37,191838.79,2.07,-0.12,-0.16,-0.03,-0.05,-0.07,-0.1,-20.18,-1.32,-1.32,0.0,0.33,0.5,28.27,0.73
2023-05-23,18327857.54,0.0,-1069165.75,-5.51,-1326198.84,-6.75,-743546.41,-3.89,0.48,-51.81,8614731.28,87.85,-5.3,60.77,1560020.7,9.33,3919102.43,27.11,-384154.28,-1.18,-0.15,-0.19,-0.05,-0.05,-0.07,-0.1,-21.83,-5.53,-5.53,0.0,0.29,0.43,25.16,0.73
2023-05-24,17726133.41,0.0,-601724.13,-3.28,-1927922.97,-9.81,-1345270.54,-7.05,0.46,-53.58,8013007.15,81.68,-6.4,60.76,1206803.65,7.32,3207047.71,22.01,-804897.55,-3.56,-0.17,-0.22,-0.05,-0.05,-0.07,-0.1,-22.78,-3.3,-3.3,0.0,0.26,0.38,22.78,0.73
2023-05-25,18822757.6,0.0,1096624.19,6.19,-831298.78,-4.23,-248646.35,-1.3,0.49,-51.15,9109631.34,92.92,-4.3,60.83,1449190.24,8.39,4493775.7,31.27,-676614.69,-2.34,-0.14,-0.17,-0.05,-0.05,-0.07,-0.1,-21.42,6.17,0.0,0.0,0.28,0.41,24.1,0.73
2023-05-26,20439283.41,0.0,1616525.81,8.59,785227.03,3.99,1367879.46,7.18,0.53,-46.79,10726157.15,109.49,-1.41,60.99,3692345.43,22.09,5608123.04,37.75,1762630.41,10.4,-0.09,-0.11,-0.04,-0.05,-0.07,-0.1,-19.1,8.57,0.0,0.0,0.44,0.67,36.63,0.73
2023-05-29,20435979.22,0.0,-3304.19,-0.02,-3304.19,-0.02,1364575.27,7.16,0.53,-47.01,10722852.96,109.46,-1.41,60.95,4079320.62,24.97,5057858.72,32.87,1559533.29,9.29,-0.09,-0.11,-0.04,-0.05,-0.07,-0.1,-19.19,-0.03,-0.03,0.0,0.43,0.64,35.61,0.73
2023-05-30,21003778.68,0.0,567799.46,2.78,564495.27,2.76,1932374.73,10.14,0.54,-45.53,11290652.42,115.28,-0.48,60.93,4535450.15,27.57,5430071.49,34.86,1518646.5,9.04,-0.07,-0.09,-0.04,-0.05,-0.07,-0.1,-18.42,2.76,0.0,0.0,0.43,0.64,35.38,0.73
2023-05-31,20601086.18,0.0,-402692.5,-1.92,161802.77,0.79,1529682.23,8.03,0.53,-47.04,10887959.92,111.15,-1.12,60.9,4389418.02,27.09,5037695.74,32.37,1488979.22,8.9,-0.08,-0.11,-0.04,-0.05,-0.07,-0.1,-19.16,-1.93,-1.93,0.0,0.43,0.64,35.25,0.73
2023-06-01,21484817.24,0.0,883731.06,4.29,1045533.83,5.11,883731.06,4.29,0.55,-44.73,11771690.98,120.21,0.31,60.91,5275650.82,32.57,5009110.85,30.45,3717030.11,21.54,-0.06,-0.08,-0.04,-0.05,-0.07,-0.1,-17.98,4.27,0.0,0.0,0.58,0.87,46.1,0.73
2023-06-02,21910370.61,0.0,425553.37,1.98,1471087.2,7.19,1309284.43,6.36,0.56,-43.91,12197244.35,124.57,0.97,60.88,5734854.28,35.48,5393648.12,32.7,5736116.66,35.21,-0.05,-0.06,-0.04,-0.05,-0.07,-0.1,-17.55,1.96,0.0,0.0,0.72,1.09,56.41,0.73
2023-06-05,22011180.11,0.0,100809.5,0.46,100809.5,0.46,1410093.93,6.85,0.56,-43.74,12298053.85,125.6,1.12,60.84,5533738.69,33.6,6605480.12,42.87,8066316.64,55.61,-0.05,-0.06,-0.04,-0.05,-0.07,-0.08,-17.45,0.44,0.0,0.0,0.92,1.42,69.58,0.72
2023-06-06,22049813.91,0.0,38633.8,0.18,139443.3,0.64,1448727.73,7.04,0.56,-43.9,12336687.65,126.0,1.18,60.8,5693974.19,34.84,5956607.81,37.05,8344041.78,58.35,-0.05,-0.06,-0.04,-0.05,-0.07,-0.08,-17.51,0.16,0.0,0.0,0.94,1.46,71.32,0.72
2023-06-07,20788037.72,0.0,-1261776.19,-5.72,-1122332.89,-5.12,186951.54,0.91,0.53,-47.2,11074911.46,113.07,-0.72,60.85,3664222.61,21.42,3317837.89,19.09,6589993.64,44.57,-0.08,-0.1,-0.05,-0.05,-0.07,-0.08,-19.13,-5.74,-5.74,0.0,0.81,1.25,62.33,0.72
2023-06-08,21861094.15,0.0,1073056.43,5.16,-49276.46,-0.22,1260007.97,6.12,0.56,-44.26,12147967.89,124.07,0.99,60.88,3643097.97,20.02,3190989.37,17.23,8893709.36,65.1,-0.05,-0.06,-0.05,-0.05,-0.07,-0.08,-17.64,5.15,0.0,0.0,1.0,1.56,75.4,0.71
2023-06-09,22047689.48,0.0,186595.33,0.85,137318.87,0.63,1446603.3,7.03,0.56,-43.52,12334563.22,125.98,1.27,60.84,2976285.53,15.63,4602003.47,26.48,9420982.75,70.56,-0.04,-0.06,-0.05,-0.05,-0.07,-0.08,-17.26,0.84,0.0,0.0,1.05,1.63,78.63,0.71
2023-06-12,22877832.65,0.0,830143.17,3.77,830143.17,3.77,2276746.47,11.06,0.58,-41.89,13164706.39,134.49,2.52,60.84,4834556.19,26.82,6100671.13,36.43,9346466.02,66.24,-0.02,-0.03,-0.05,-0.05,-0.07,-0.08,-16.45,3.75,0.0,0.0,1.01,1.57,75.94,0.71
2023-06-13,23261012.47,0.0,383179.82,1.67,1213322.99,5.51,2659926.29,12.92,0.59,-41.03,13547886.21,138.42,3.07,60.81,4763373.52,25.78,5818890.8,33.46,9868306.77,70.62,-0.02,-0.02,-0.05,-0.05,-0.07,-0.08,-16.03,1.66,0.0,0.0,1.05,1.63,78.54,0.71
2023-06-14,23812990.72,0.0,551978.25,2.37,1765301.24,8.01,3211904.54,15.6,0.6,-39.6,14099864.46,144.08,3.85,60.79,5573378.75,30.57,6898942.47,40.87,10227262.86,72.4,-0.0,-0.0,-0.05,-0.05,-0.07,-0.08,-15.34,2.36,0.0,0.0,1.06,1.65,79.6,0.71
2023-06-15,24786387.58,0.0,973396.86,4.09,2738698.1,12.43,4185301.4,20.33,0.62,-37.55,15073261.32,154.06,5.19,60.79,6634424.94,36.56,8416610.75,51.47,10047573.86,66.6,0.02,0.03,-0.05,-0.05,-0.07,-0.08,-14.38,4.07,0.0,0.0,1.01,1.57,75.98,0.71
2023-06-16,24394049.94,0.0,-392337.64,-1.58,2346360.46,10.65,3792963.76,18.43,0.61,-38.98,14680923.68,150.04,4.66,60.76,5673548.01,30.32,8341333.02,52.01,9825058.13,65.7,0.01,0.01,-0.05,-0.05,-0.07,-0.08,-15.02,-1.6,-1.6,0.0,1.01,1.56,75.45,0.71
2023-06-19,24394091.65,0.0,41.71,0.0,41.71,0.0,3793005.47,18.43,0.61,-39.0,14680965.39,150.04,4.66,60.72,6050210.61,33.0,7684705.59,46.07,10849742.15,77.1,0.01,0.01,-0.05,-0.05,-0.07,-0.08,-15.01,-0.02,-0.02,0.0,1.1,1.72,81.88,0.71
2023-06-20,23878300.58,0.0,-515791.07,-2.11,-515749.36,-2.11,3277214.4,15.93,0.6,-40.29,14165174.32,144.75,3.96,60.69,5742416.25,31.67,6904667.98,40.77,10398689.1,74.1,-0.0,-0.0,-0.05,-0.05,-0.07,-0.08,-15.58,-2.13,-2.13,0.0,1.08,1.68,80.2,0.71
2023-06-21,23162547.94,0.0,-715752.64,-3.0,-1231502.0,-5.04,2561461.76,12.45,0.58,-41.8,13449421.68,137.41,2.97,60.68,4126184.02,21.69,6086657.71,35.74,10227926.86,75.32,-0.02,-0.02,-0.05,-0.05,-0.07,-0.08,-16.27,-3.01,-3.01,0.0,1.09,1.7,80.87,0.71
2023-06-22,23601389.0,0.0,438841.06,1.89,-792660.94,-3.24,3000302.82,14.58,0.59,-40.9,13888262.74,141.91,3.59,60.65,4403747.32,22.94,7731524.32,48.75,10241617.73,73.49,-0.01,-0.01,-0.05,-0.05,-0.07,-0.08,-15.83,1.88,0.0,0.0,1.07,1.67,79.79,0.71
2023-06-23,22978709.79,0.0,-622679.21,-2.64,-1415340.15,-5.79,2377623.61,11.56,0.57,-42.56,13265583.53,135.53,2.72,60.63,4197631.34,22.35,7607487.81,49.48,9603611.73,68.73,-0.02,-0.03,-0.05,-0.05,-0.07,-0.08,-16.59,-2.65,-2.65,0.0,1.03,1.61,77.05,0.71
2023-06-26,22247703.64,0.0,-731006.15,-3.18,-731006.15,-3.18,1646617.46,8.01,0.55,-44.81,12534577.38,128.04,1.67,60.61,3435888.62,18.27,6871752.54,44.68,8920537.15,63.9,-0.04,-0.05,-0.05,-0.05,-0.07,-0.08,-17.66,-3.2,-3.2,0.0,0.99,1.54,74.2,0.71
2023-06-27,23245813.59,0.0,998109.95,4.49,267103.8,1.16,2644727.41,12.86,0.57,-42.53,13532687.33,138.27,3.14,60.63,4770537.28,25.82,9062102.2,63.79,9862820.71,70.61,-0.01,-0.02,-0.05,-0.04,-0.07,-0.08,-16.54,4.47,0.0,0.0,1.05,1.63,78.31,0.71
2023-06-28,23340201.08,0.0,94387.49,0.41,361491.29,1.57,2739114.9,13.32,0.57,-42.77,13627074.82,139.24,3.27,60.59,4261393.27,22.34,9186672.8,64.8,9073825.34,61.63,-0.01,-0.02,-0.05,-0.04,-0.07,-0.08,-16.63,0.39,0.0,0.0,0.97,1.51,72.73,0.71
2023-06-29,23077870.42,0.0,-262330.66,-1.12,99160.63,0.43,2476784.24,12.05,0.56,-43.64,13364744.16,136.55,2.9,60.55,3195438.79,16.08,8553508.13,58.83,9490197.54,67.07,-0.02,-0.02,-0.05,-0.04,-0.07,-0.08,-17.03,-1.14,-1.14,0.0,1.02,1.59,75.95,0.7
2023-06-30,24355618.93,0.0,1277748.51,5.54,1376909.14,5.99,3754532.75,18.25,0.59,-40.9,14642492.67,149.65,4.69,60.6,4701562.55,23.94,10406845.36,74.5,11438642.54,84.6,0.01,0.01,-0.05,-0.04,-0.07,-0.08,-15.72,5.52,0.0,0.0,1.16,1.82,85.97,0.71
2023-07-03,24553654.01,0.0,198035.08,0.81,198035.08,0.81,198035.08,0.81,0.59,-40.52,14840527.75,151.68,4.95,60.56,5156630.72,26.61,10371866.52,73.05,11638847.64,86.14,0.02,0.02,-0.05,-0.04,-0.07,-0.08,-15.53,0.8,0.0,0.0,1.17,1.84,86.8,0.71
2023-07-04,24553232.09,0.0,-421.92,-0.0,197613.16,0.81,197613.16,0.81,0.59,-41.0,14840105.83,151.68,4.95,60.52,6225374.55,33.99,10461865.44,74.14,11745384.58,87.54,0.02,0.02,-0.03,-0.04,-0.07,-0.08,-15.73,-0.02,-0.02,0.0,1.19,1.85,87.55,0.71
2023-07-05,24198579.07,0.0,-354653.02,-1.44,-157039.86,-0.65,-157039.86,-0.65,0.58,-41.85,14485452.81,148.04,4.47,60.49,6472445.66,36.53,10361548.15,74.76,10513508.97,74.06,0.01,0.01,-0.03,-0.04,-0.07,-0.08,-16.11,-1.46,-1.46,0.0,1.08,1.68,79.92,0.7
2023-07-06,23169357.18,0.0,-1029221.89,-4.25,-1186261.75,-4.88,-1186261.75,-4.88,0.56,-44.47,13456230.92,137.49,3.09,60.5,4346599.58,23.11,8965939.66,63.05,9808402.16,70.32,-0.02,-0.02,-0.04,-0.05,-0.07,-0.08,-17.33,-4.27,-4.27,0.0,1.05,1.63,77.82,0.7
2023-07-07,23068316.64,0.0,-101040.54,-0.44,-1287302.29,-5.29,-1287302.29,-5.29,0.56,-44.24,13355190.38,136.45,2.95,60.46,2629033.23,12.88,7950931.07,52.59,8322109.15,55.02,-0.02,-0.02,-0.04,-0.05,-0.07,-0.08,-17.2,-0.45,-0.45,0.0,0.92,1.41,67.98,0.7
2023-07-10,23245383.86,0.0,177067.22,0.77,177067.22,0.77,-1110235.07,-4.56,0.56,-43.57,13532257.6,138.26,3.19,60.42,2809404.64,13.77,8045452.89,52.93,7814373.83,49.83,-0.01,-0.02,-0.04,-0.05,-0.07,-0.08,-16.86,0.75,0.0,0.0,0.87,1.34,64.5,0.7
2023-07-11,23767500.03,0.0,522116.17,2.25,699183.39,3.03,-588118.9,-2.42,0.57,-42.74,14054373.77,143.61,3.91,60.4,2763721.35,13.18,9288738.32,64.1,7555847.9,46.39,-0.0,-0.0,-0.04,-0.04,-0.07,-0.08,-16.45,2.23,0.0,0.0,0.84,1.28,62.1,0.7
2023-07-12,24883943.47,0.0,1116443.44,4.7,1815626.83,7.87,528324.54,2.16,0.6,-40.32,15170817.21,155.05,5.42,60.42,4282857.29,20.82,10371891.98,71.42,9231790.96,58.31,0.02,0.03,-0.04,-0.04,-0.07,-0.08,-15.31,4.68,0.0,0.0,0.95,1.46,69.98,0.7
2023-07-13,26262602.04,0.0,1378658.57,5.54,3194285.4,13.85,1906983.11,7.82,0.63,-36.68,16549475.78,169.18,7.19,60.46,4777784.8,22.27,12519162.37,90.96,10849809.09,69.48,0.05,0.07,-0.04,-0.04,-0.07,-0.08,-13.66,5.52,0.0,0.0,1.04,1.62,76.93,0.7
2023-07-14,26179884.8,0.0,-82717.24,-0.31,3111568.16,13.49,1824265.87,7.48,0.63,-37.2,16466758.54,168.33,7.08,60.42,4269514.19,19.52,12857630.52,96.33,11557216.67,77.29,0.05,0.07,-0.04,-0.04,-0.07,-0.08,-13.87,-0.33,-0.33,0.0,1.11,1.72,81.33,0.7
2023-07-17,26733659.12,0.0,553774.32,2.12,553774.32,2.12,2378040.19,9.75,0.64,-35.67,17020532.86,174.01,7.75,60.39,4722479.01,21.49,13372232.48,99.91,9988098.26,59.84,0.06,0.08,-0.04,-0.04,-0.07,-0.08,-13.19,2.1,0.0,0.0,0.97,1.48,70.18,0.68
2023-07-18,27301730.14,0.0,568071.02,2.12,1121845.34,4.29,2946111.21,12.08,0.65,-34.64,17588603.88,179.83,8.43,60.37,5251916.23,23.86,13198877.85,93.51,9861295.89,57.21,0.07,0.09,-0.04,-0.04,-0.07,-0.08,-12.73,2.11,0.0,0.0,0.94,1.44,68.46,0.68
2023-07-19,27290431.13,0.0,-11299.01,-0.04,1110546.33,4.25,2934812.2,12.03,0.65,-35.03,17577304.87,179.71,8.4,60.33,6502393.41,31.31,13196398.51,93.53,8897957.56,49.57,0.07,0.09,-0.03,-0.04,-0.07,-0.08,-12.88,-0.06,-0.06,0.0,0.87,1.32,63.36,0.68
2023-07-20,25383516.5,0.0,-1906914.63,-6.99,-796368.3,-3.03,1027897.57,4.2,0.6,-39.54,15670390.24,160.17,6.16,60.42,3522422.35,16.14,10225315.81,67.45,7015626.23,39.28,0.04,0.05,-0.04,-0.04,-0.07,-0.08,-14.85,-7.0,-7.0,0.0,0.77,1.16,56.49,0.69
2023-07-21,25202984.52,0.0,-180531.98,-0.71,-976900.28,-3.72,847365.59,3.46,0.6,-40.43,15489858.26,158.32,5.92,60.38,3155295.04,14.34,10314411.19,69.26,7478615.3,42.95,0.03,0.04,-0.04,-0.04,-0.07,-0.08,-15.23,-0.73,-0.73,0.0,0.8,1.22,59.04,0.68
2023-07-24,25175056.93,0.0,-27927.59,-0.11,-27927.59,-0.11,819438.0,3.35,0.6,-40.07,15461930.67,158.03,5.88,60.34,2297224.28,10.07,10196324.83,68.06,6263895.38,34.43,0.03,0.04,-0.04,-0.04,-0.07,-0.08,-15.05,-0.13,-0.13,0.0,0.71,1.08,52.71,0.68
2023-07-25,25623058.15,0.0,448001.22,1.78,420073.63,1.67,1267439.22,5.19,0.61,-38.93,15909931.89,162.62,6.44,60.31,2362045.68,10.19,10377744.17,68.08,6415102.94,34.86,0.04,0.05,-0.04,-0.04,-0.07,-0.08,-14.52,1.76,0.0,0.0,0.72,1.08,53.03,0.68
2023-07-26,25708825.23,0.0,85767.08,0.33,505840.71,2.01,1353206.3,5.54,0.61,-38.8,15995698.97,163.5,6.54,60.28,1895834.51,8.0,10715312.19,71.45,7364657.35,41.24,0.04,0.05,-0.04,-0.04,-0.07,-0.08,-14.45,0.32,0.0,0.0,0.79,1.19,57.56,0.68
2023-07-27,24887021.92,0.0,-821803.31,-3.2,-315962.6,-1.25,531402.99,2.17,0.59,-40.95,15173895.66,155.08,5.51,60.27,100634.34,0.43,9310217.42,59.8,6482023.49,36.3,0.03,0.03,-0.04,-0.04,-0.07,-0.08,-15.4,-3.21,-3.21,0.0,0.73,1.11,54.05,0.68
2023-07-28,26228504.52,0.0,1341482.6,5.39,1025520.0,4.07,1872885.59,7.68,0.62,-37.82,16515378.26,168.83,7.21,60.3,1834454.58,7.54,10434475.37,66.1,8177146.87,46.26,0.05,0.07,-0.04,-0.04,-0.07,-0.08,-13.98,5.37,0.0,0.0,0.84,1.27,61.23,0.68
2023-07-31,26273272.15,0.0,44767.63,0.17,44767.63,0.17,1917653.22,7.86,0.62,-37.89,16560145.89,169.29,7.26,60.27,1879180.5,7.72,11040545.9,72.47,6878729.35,37.02,0.05,0.07,-0.04,-0.04,-0.07,-0.08,-14.0,0.15,0.0,0.0,0.74,1.12,54.48,0.68
2023-08-01,25785021.45,0.0,-488250.7,-1.86,-443483.07,-1.69,-488250.7,-1.86,0.61,-39.15,16071895.19,164.29,6.66,60.24,1906720.87,8.0,10718961.06,71.13,6893711.78,37.81,0.04,0.06,-0.04,-0.04,-0.07,-0.08,-14.54,-1.87,-1.87,0.0,0.75,1.13,55.04,0.68
2023-08-02,23872141.98,0.0,-1912879.47,-7.42,-2356362.54,-8.98,-2401130.17,-9.14,0.56,-43.53,14159015.72,144.68,4.31,60.35,709594.04,3.08,8223019.64,52.57,3750280.99,20.28,0.01,0.01,-0.06,-0.05,-0.07,-0.08,-16.51,-7.43,-7.43,0.01,0.55,0.82,41.55,0.68
2023-08-03,23405181.98,0.0,-466960.0,-1.96,-2823322.54,-10.76,-2868090.17,-10.92,0.55,-45.1,13692055.72,139.89,3.69,60.32,-196207.02,-0.81,7301693.1,45.38,2938957.89,16.07,-0.01,-0.01,-0.06,-0.05,-0.07,-0.08,-17.23,-1.97,-1.97,0.0,0.5,0.74,37.99,0.68
2023-08-04,23456708.57,0.0,51526.59,0.22,-2771795.95,-10.56,-2816563.58,-10.72,0.55,-44.88,13743582.31,140.42,3.75,60.28,477998.78,2.1,6620884.78,39.39,3154584.36,17.2,-0.0,-0.01,-0.06,-0.05,-0.07,-0.08,-17.11,0.2,0.0,0.0,0.51,0.76,38.96,0.68
2023-08-07,23708319.36,0.0,251610.79,1.07,251610.79,1.07,-2564952.79,-9.76,0.56,-44.41,13995193.1,143.0,4.08,60.25,1460615.72,6.58,6732632.24,39.73,4148162.52,22.65,0.0,0.0,-0.06,-0.05,-0.07,-0.08,-16.87,1.06,0.0,0.0,0.58,0.86,43.45,0.68
2023-08-08,23184526.77,0.0,-523792.59,-2.21,-272181.8,-1.16,-3088745.38,-11.75,0.55,-45.24,13471400.51,137.63,3.38,60.22,-61286.82,-0.25,6066704.56,35.51,3400856.65,18.67,-0.01,-0.01,-0.06,-0.05,-0.07,-0.08,-17.24,-2.23,-2.23,0.0,0.53,0.79,40.17,0.68
2023-08-09,22624330.4,0.0,-560196.37,-2.42,-832378.17,-3.55,-3648941.75,-13.88,0.54,-46.33,12911204.14,131.89,2.62,60.2,-715870.68,-3.06,5726959.27,33.95,4008542.88,22.57,-0.02,-0.03,-0.06,-0.05,-0.07,-0.08,-17.74,-2.43,-2.43,0.0,0.58,0.86,43.27,0.68
2023-08-10,22624035.34,0.0,-295.06,-0.0,-832673.23,-3.55,-3649236.81,-13.88,0.54,-46.0,12910909.08,131.89,2.62,60.16,-453835.08,-1.97,5378547.06,31.26,5501951.41,32.46,-0.02,-0.03,-0.06,-0.05,-0.07,-0.08,-17.56,-0.02,-0.02,0.0,0.69,1.04,50.74,0.68
2023-08-11,22244186.13,0.0,-379849.21,-1.68,-1212522.44,-5.17,-4029086.02,-15.33,0.53,-46.91,12531059.87,128.0,2.09,60.13,-2111432.8,-8.67,5125891.16,30.0,5031595.73,29.56,-0.03,-0.04,-0.06,-0.05,-0.07,-0.08,-17.98,-1.69,-1.69,0.0,0.66,0.99,48.54,0.68
2023-08-14,22807233.93,0.0,563047.8,2.53,563047.8,2.53,-3466038.22,-13.19,0.54,-45.66,13094107.67,133.77,2.88,60.11,-1746420.08,-7.12,5874772.49,34.75,5423741.6,31.55,-0.02,-0.02,-0.06,-0.05,-0.07,-0.08,-17.36,2.52,0.0,0.0,0.68,1.03,50.09,0.68
2023-08-15,22079216.68,0.0,-728017.25,-3.19,-164969.45,-0.74,-4194055.47,-15.96,0.52,-47.72,12366090.42,126.31,1.88,60.1,-2474015.41,-10.08,5311379.84,31.72,3652361.86,20.22,-0.04,-0.05,-0.06,-0.05,-0.07,-0.08,-18.34,-3.21,-3.21,0.0,0.55,0.82,40.97,0.67
2023-08-16,21280990.79,0.0,-798225.89,-3.62,-963195.34,-4.33,-4992281.36,-19.0,0.5,-49.88,11567864.53,118.13,0.75,60.1,-2917588.28,-12.06,4761661.03,28.86,5204801.86,32.61,-0.05,-0.07,-0.06,-0.05,-0.07,-0.08,-19.38,-3.63,-3.63,0.0,0.69,1.06,49.97,0.66
2023-08-17,20395412.86,0.0,-885577.93,-4.16,-1848773.27,-8.31,-5877859.29,-22.37,0.48,-52.08,10682286.6,109.05,-0.55,60.1,-2773944.32,-11.99,3021845.5,17.45,4772801.41,30.74,-0.08,-0.1,-0.06,-0.05,-0.07,-0.08,-20.48,-4.18,-4.18,0.0,0.67,1.03,48.6,0.66
2023-08-18,20321595.6,0.0,-73817.26,-0.36,-1922590.53,-8.64,-5951676.55,-22.65,0.48,-52.17,10608469.34,108.29,-0.66,60.07,-2746721.04,-11.92,3574657.62,21.39,5429869.84,36.57,-0.08,-0.1,-0.06,-0.05,-0.07,-0.08,-20.5,-0.38,-0.38,0.0,0.74,1.13,52.86,0.66
2023-08-21,21150748.24,0.0,829152.64,4.08,829152.64,4.08,-5122523.91,-19.49,0.5,-50.04,11437621.98,116.79,0.61,60.07,-2094635.62,-9.02,4794089.64,29.34,6678683.64,46.21,-0.06,-0.07,-0.06,-0.05,-0.07,-0.08,-19.4,4.06,0.0,0.0,0.84,1.29,59.72,0.66
2023-08-22,21038874.89,0.0,-111873.35,-0.53,717279.29,3.53,-5234397.26,-19.92,0.5,-50.26,11325748.63,115.64,0.44,60.04,-2728625.14,-11.49,4570546.36,27.79,6695013.76,46.72,-0.06,-0.08,-0.06,-0.05,-0.07,-0.08,-19.49,-0.54,-0.54,0.0,0.85,1.3,60.06,0.66
2023-08-23,22064020.7,0.0,1025145.81,4.87,1742425.1,8.57,-4209251.45,-16.02,0.52,-47.56,12350894.44,126.15,1.95,60.06,-2819922.77,-11.35,5852352.54,36.12,8256660.54,59.76,-0.03,-0.04,-0.06,-0.05,-0.07,-0.08,-18.14,4.86,0.0,0.0,0.98,1.51,68.62,0.66
2023-08-24,20648551.87,0.0,-1415468.83,-6.42,326956.27,1.6,-5624720.28,-21.41,0.49,-51.34,10935425.61,111.64,-0.04,60.13,-5614050.17,-21.39,4439385.45,27.41,6840674.37,49.51,-0.07,-0.09,-0.07,-0.05,-0.07,-0.08,-19.99,-6.43,-6.43,0.0,0.87,1.34,62.2,0.67
2023-08-25,21123728.54,0.0,475176.67,2.3,802132.94,3.94,-5149543.61,-19.6,0.5,-49.87,11410602.28,116.51,0.67,60.11,-5056156.26,-19.34,4948212.21,30.61,7800961.6,58.42,-0.06,-0.07,-0.07,-0.05,-0.07,-0.08,-19.23,2.29,0.0,0.0,0.96,1.48,67.96,0.67
2023-08-28,21552703.95,0.0,428975.41,2.03,428975.41,2.03,-4720568.2,-17.97,0.51,-48.98,11839577.69,120.91,1.3,60.08,-5180955.17,-19.41,5075262.53,30.82,7270610.66,50.93,-0.04,-0.06,-0.07,-0.05,-0.07,-0.08,-18.77,2.01,0.0,0.0,0.89,1.36,62.9,0.66
2023-08-29,22792618.84,0.0,1239914.89,5.75,1668890.3,7.9,-3480653.31,-13.25,0.54,-46.07,13079492.58,133.62,3.07,60.13,-4509111.3,-16.54,6436779.12,39.37,8309750.72,57.43,-0.02,-0.02,-0.07,-0.05,-0.07,-0.08,-17.34,5.74,0.0,0.0,0.95,1.46,67.26,0.66
2023-08-30,23020230.1,0.0,227611.26,1.0,1896501.56,8.98,-3253042.05,-12.38,0.55,-45.46,13307103.84,135.95,3.37,60.09,-4270201.03,-15.68,5896414.99,34.44,7369559.96,47.29,-0.01,-0.01,-0.07,-0.05,-0.07,-0.08,-17.04,0.98,0.0,0.0,0.85,1.3,60.31,0.66
2023-08-31,23076554.61,0.0,56324.51,0.24,1952826.07,9.25,-3196717.54,-12.17,0.55,-44.87,13363428.35,136.53,3.44,60.06,-2306961.89,-9.12,4858558.43,26.68,6769181.57,41.78,-0.01,-0.01,-0.05,-0.05,-0.07,-0.08,-16.74,0.23,0.0,0.0,0.8,1.21,56.41,0.66
2023-09-01,23072895.29,0.0,-3659.32,-0.02,1949166.75,9.23,-3659.32,-0.02,0.55,-45.01,13359769.03,136.49,3.43,60.02,-2130089.23,-8.49,4001491.34,20.99,9611693.31,71.28,-0.01,-0.01,-0.05,-0.05,-0.06,-0.08,-16.79,-0.03,-0.03,0.0,1.1,1.76,73.63,0.63
2023-09-04,23070887.43,0.0,-2007.86,-0.01,-2007.86,-0.01,-5667.18,-0.03,0.55,-45.0,13357761.17,136.47,3.43,59.98,-2104169.5,-8.4,5027610.97,27.87,9113001.06,65.24,-0.01,-0.01,-0.05,-0.05,-0.06,-0.08,-16.77,-0.02,-0.02,0.0,1.04,1.66,69.98,0.63
2023-09-05,22938057.99,0.0,-132829.44,-0.58,-134837.3,-0.59,-138496.62,-0.61,0.55,-45.32,13224931.73,135.11,3.24,59.95,-2685000.16,-10.52,4440419.04,24.0,9757114.26,73.83,-0.01,-0.02,-0.05,-0.05,-0.06,-0.08,-16.89,-0.59,-0.59,0.0,1.12,1.81,74.89,0.63
2023-09-06,22402190.96,0.0,-535867.03,-2.34,-670704.33,-2.91,-674363.65,-2.93,0.54,-46.28,12689064.7,129.62,2.52,59.93,-3306634.27,-12.9,4162578.99,22.81,9505827.93,73.46,-0.02,-0.03,-0.05,-0.05,-0.06,-0.08,-17.33,-2.35,-2.35,0.0,1.12,1.8,74.68,0.63
2023-09-07,22096723.76,0.0,-305467.2,-1.36,-976171.53,-4.23,-979830.85,-4.25,0.53,-46.74,12383597.5,126.49,2.1,59.9,-2790298.16,-11.25,3944761.12,21.71,9017388.54,68.72,-0.03,-0.04,-0.05,-0.05,-0.06,-0.08,-17.52,-1.38,-1.38,0.0,1.08,1.73,71.92,0.63
2023-09-08,22261082.8,0.0,164359.04,0.74,-811812.49,-3.52,-815471.81,-3.54,0.53,-46.61,12547956.54,128.17,2.33,59.86,-3967421.72,-15.16,3540580.87,18.9,9453861.77,73.54,-0.03,-0.04,-0.05,-0.05,-0.06,-0.08,-17.44,0.73,0.0,0.0,1.12,1.8,74.71,0.63
2023-09-11,22998023.82,0.0,736941.02,3.31,736941.02,3.31,-78530.79,-0.35,0.55,-45.25,13284897.56,135.72,3.33,59.85,-3275248.33,-12.51,4654142.78,25.35,10744543.54,87.26,-0.01,-0.01,-0.05,-0.05,-0.06,-0.08,-16.79,3.29,0.0,0.0,1.24,2.01,82.28,0.63
2023-09-12,22311383.0,0.0,-686640.82,-2.99,50300.2,0.23,-765171.61,-3.33,0.53,-46.64,12598256.74,128.68,2.42,59.84,-3473638.45,-13.51,4175498.67,23.0,10407434.98,86.92,-0.03,-0.03,-0.05,-0.05,-0.06,-0.08,-17.42,-3.0,-3.0,0.0,1.24,2.0,82.1,0.63
2023-09-13,22534279.92,0.0,222896.92,1.0,273197.12,1.23,-542274.69,-2.36,0.54,-46.47,12821153.66,130.96,2.72,59.8,-1337862.06,-5.65,3497916.0,18.34,11231056.41,98.63,-0.02,-0.03,-0.04,-0.05,-0.06,-0.08,-17.32,0.98,0.0,0.0,1.34,2.17,88.06,0.63
2023-09-14,23133762.77,0.0,599482.85,2.66,872679.97,3.92,57208.16,0.24,0.55,-44.56,13420636.51,137.1,3.53,59.79,-271419.21,-1.2,3936121.09,20.47,12001518.62,107.0,-0.01,-0.01,-0.04,-0.05,-0.06,-0.08,-16.42,2.64,0.0,0.0,1.4,2.28,92.21,0.63
2023-09-15,21923735.86,0.0,-1210026.91,-5.23,-337346.94,-1.52,-1152818.75,-5.0,0.52,-47.88,12210609.6,124.7,1.93,59.82,-1532972.71,-6.58,3142657.41,16.7,10807902.86,96.45,-0.03,-0.04,-0.05,-0.05,-0.06,-0.08,-17.95,-5.25,-5.25,0.0,1.32,2.13,87.12,0.63
2023-09-18,21849837.32,0.0,-73898.54,-0.34,-73898.54,-0.34,-1226717.29,-5.32,0.52,-48.18,12136711.06,123.94,1.83,59.78,-1858482.04,-7.88,3038022.3,16.12,10086679.67,85.19,-0.04,-0.05,-0.05,-0.05,-0.06,-0.08,-18.07,-0.35,-0.35,0.0,1.23,1.97,81.06,0.63
2023-09-19,21676065.23,0.0,-173772.09,-0.8,-247670.63,-1.13,-1400489.38,-6.07,0.52,-48.41,11962938.97,122.16,1.59,59.75,-1508461.54,-6.55,3200788.92,17.29,10797334.18,98.37,-0.04,-0.05,-0.05,-0.05,-0.06,-0.08,-18.17,-0.81,-0.81,0.0,1.34,2.18,87.65,0.62
2023-09-20,20686292.16,0.0,-989773.07,-4.57,-1237443.7,-5.64,-2390262.45,-10.36,0.5,-50.37,10973165.9,112.02,0.2,59.77,-1938038.24,-8.6,1607484.35,8.39,10267660.52,97.5,-0.06,-0.08,-0.05,-0.05,-0.06,-0.08,-19.1,-4.58,-4.58,0.0,1.33,2.17,87.23,0.62
2023-09-21,19421670.61,0.0,-1264621.55,-6.11,-2502065.25,-11.41,-3654884.0,-15.84,0.47,-53.06,9708544.35,99.06,-1.65,59.83,-3202364.73,-14.2,-460761.02,-2.35,8342861.12,74.56,-0.09,-0.12,-0.06,-0.06,-0.06,-0.08,-20.43,-6.13,-6.13,0.0,1.14,1.82,74.9,0.62
2023-09-22,19514463.14,0.0,92792.53,0.48,-2409272.72,-10.99,-3562091.47,-15.44,0.47,-52.78,9801336.88,100.01,-1.5,59.79,-2729722.99,-12.31,-139593.24,-0.74,7573414.14,62.96,-0.09,-0.12,-0.06,-0.06,-0.06,-0.08,-20.26,0.46,0.0,0.0,1.03,1.64,67.74,0.62
2023-09-25,19645928.84,0.0,131465.7,0.67,131465.7,0.67,-3430625.77,-14.87,0.47,-52.68,9932802.58,101.36,-1.3,59.76,-3161305.09,-13.9,248905.55,1.26,7768061.28,64.91,-0.09,-0.11,-0.06,-0.06,-0.06,-0.08,-20.19,0.66,0.0,0.0,1.05,1.67,68.93,0.62
2023-09-26,18835249.61,0.0,-810679.23,-4.13,-679213.53,-3.48,-4241305.0,-18.38,0.45,-54.94,9122123.35,93.05,-2.54,59.76,-3243967.07,-14.73,507392.07,2.73,7146543.74,60.63,-0.11,-0.14,-0.06,-0.05,-0.06,-0.08,-21.34,-4.14,-4.14,0.0,1.0,1.6,66.37,0.62
2023-09-27,19047257.13,0.0,212007.52,1.13,-467206.01,-2.39,-4029297.48,-17.46,0.46,-54.49,9334130.87,95.22,-2.2,59.73,-2233733.66,-10.54,1321123.72,7.41,8269798.24,75.9,-0.1,-0.13,-0.06,-0.05,-0.06,-0.07,-21.08,1.11,0.0,0.0,1.15,1.86,75.16,0.62
2023-09-28,19429065.55,0.0,381808.42,2.0,-85397.59,-0.43,-3647489.06,-15.81,0.47,-53.08,9715939.29,99.13,-1.59,59.71,-966347.31,-4.78,606307.95,3.18,8932003.04,84.13,-0.09,-0.12,-0.06,-0.05,-0.06,-0.07,-20.33,1.99,0.0,0.0,1.23,1.98,79.71,0.62
2023-09-29,19237298.44,0.0,-191767.11,-0.99,-277164.7,-1.41,-3839256.17,-16.64,0.47,-53.46,9524172.18,97.16,-1.89,59.67,-1084297.16,-5.38,-1201984.97,-5.92,9041390.55,87.59,-0.1,-0.13,-0.06,-0.05,-0.06,-0.07,-20.51,-1.0,-1.0,0.0,1.26,2.03,81.54,0.62
2023-10-02,19365690.91,0.0,128392.47,0.67,128392.47,0.67,128392.47,0.67,0.47,-52.69,9652564.65,98.48,-1.68,59.64,-1785057.33,-8.49,-1070288.31,-5.28,9149493.87,88.46,-0.1,-0.12,-0.06,-0.05,-0.06,-0.07,-20.09,0.65,0.0,0.0,1.27,2.05,82.01,0.62
2023-10-03,18225992.79,0.0,-1139698.12,-5.89,-1011305.65,-5.25,-1011305.65,-5.25,0.44,-55.77,8512866.53,86.8,-3.44,59.69,-2812882.1,-13.41,-2777785.89,-13.26,7393526.87,67.46,-0.12,-0.16,-0.06,-0.06,-0.06,-0.07,-21.66,-5.9,-5.9,0.0,1.08,1.72,70.2,0.62
2023-10-04,19089156.38,0.0,863163.59,4.74,-148142.06,-0.76,-148142.06,-0.76,0.46,-53.92,9376030.12,95.65,-2.02,59.71,-2974864.32,-13.53,-1511929.8,-7.38,9024649.76,88.51,-0.1,-0.13,-0.06,-0.06,-0.06,-0.07,-20.67,4.72,0.0,0.0,1.27,2.05,81.9,0.61
2023-10-05,18782455.02,0.0,-306701.36,-1.61,-454843.42,-2.35,-454843.42,-2.35,0.45,-54.74,9069328.76,92.51,-2.5,59.68,-1866096.85,-9.07,-2702362.22,-12.61,8066324.5,74.41,-0.11,-0.14,-0.06,-0.06,-0.06,-0.07,-21.08,-1.62,-1.62,0.0,1.15,1.84,73.94,0.61
2023-10-06,20030844.76,0.0,1248389.74,6.65,793546.32,4.14,793546.32,4.14,0.48,-52.01,10317718.5,105.31,-0.52,59.76,-1092883.78,-5.21,-1879525.85,-8.62,9102086.93,82.44,-0.08,-0.1,-0.06,-0.06,-0.06,-0.07,-19.66,6.63,0.0,0.0,1.22,1.97,78.64,0.61
2023-10-09,20217938.07,0.0,187093.31,0.93,187093.31,0.93,980639.63,5.11,0.48,-51.55,10504811.81,107.23,-0.24,59.72,-1334765.88,-6.23,-1793242.04,-8.19,9275519.53,83.93,-0.07,-0.09,-0.06,-0.06,-0.06,-0.07,-19.42,0.92,0.0,0.0,1.23,1.99,79.45,0.61
2023-10-10,20531490.65,0.0,313552.58,1.55,500645.89,2.5,1294192.21,6.74,0.49,-51.26,10818364.39,110.44,0.22,59.69,-2261128.19,-9.96,-1518323.26,-6.93,9711189.73,88.85,-0.06,-0.08,-0.06,-0.06,-0.06,-0.07,-19.25,1.53,0.0,0.0,1.27,2.06,82.1,0.61
2023-10-11,20901333.28,0.0,369842.63,1.8,870488.52,4.35,1664034.84,8.66,0.5,-50.12,11188207.02,114.23,0.76,59.67,-2118896.82,-9.24,113295.56,0.49,9377362.73,80.7,-0.05,-0.07,-0.06,-0.06,-0.06,-0.07,-18.67,1.79,0.0,0.0,1.2,1.94,77.51,0.61
2023-10-12,20664661.95,0.0,-236671.33,-1.13,633817.19,3.17,1427363.51,7.43,0.49,-50.57,10951535.69,111.8,0.42,59.63,-2411892.66,-10.49,-1196432.2,-5.52,8800327.5,73.62,-0.06,-0.08,-0.06,-0.06,-0.06,-0.07,-18.87,-1.15,-1.15,0.0,1.14,1.83,73.48,0.61
2023-10-13,19991503.64,0.0,-673158.31,-3.26,-39341.12,-0.19,754205.2,3.93,0.47,-52.6,10278377.38,104.9,-0.54,59.63,-3081391.65,-13.38,-2056185.84,-9.37,7625920.16,61.27,-0.08,-0.1,-0.06,-0.06,-0.06,-0.07,-19.85,-3.27,-3.27,0.0,1.02,1.63,66.07,0.61
2023-10-16,20601633.54,0.0,610129.9,3.05,610129.9,3.05,1364335.1,7.1,0.48,-51.57,10888507.28,111.15,0.36,59.61,-2469253.89,-10.73,-2276199.11,-10.0,8804737.27,74.08,-0.06,-0.08,-0.06,-0.06,-0.06,-0.07,-19.32,3.04,0.0,0.0,1.14,1.84,73.65,0.61
2023-10-17,20391167.43,0.0,-210466.11,-1.02,399663.79,2.0,1153868.99,6.01,0.48,-52.49,10678041.17,108.99,0.06,59.58,-2546890.56,-11.13,-2869845.04,-12.38,9012468.1,78.53,-0.07,-0.09,-0.06,-0.06,-0.06,-0.07,-19.76,-1.04,-1.04,0.0,1.19,1.91,76.12,0.61
2023-10-18,19558760.48,0.0,-832406.95,-4.08,-432743.16,-2.16,321462.04,1.68,0.46,-53.96,9845634.22,100.46,-1.15,59.59,-2843430.48,-12.72,-4254230.24,-17.9,7288295.0,59.0,-0.09,-0.11,-0.06,-0.06,-0.06,-0.07,-20.48,-4.1,-4.1,0.0,1.0,1.59,64.34,0.6
2023-10-19,18966692.87,0.0,-592067.61,-3.03,-1024810.77,-5.12,-270605.57,-1.4,0.45,-55.39,9253566.61,94.39,-2.04,59.58,-3130030.89,-14.19,-5819694.71,-23.52,7180122.32,60.41,-0.1,-0.13,-0.06,-0.06,-0.06,-0.07,-21.2,-3.04,-3.04,0.0,1.01,1.62,65.19,0.6
2023-10-20,17974197.83,0.0,-992495.04,-5.23,-2017305.81,-10.08,-1263100.61,-6.56,0.43,-57.35,8261071.57,84.22,-3.58,59.61,-4286884.97,-19.28,-6419852.11,-26.36,6469392.46,55.67,-0.13,-0.16,-0.06,-0.06,-0.06,-0.07,-22.21,-5.25,-5.25,0.0,0.96,1.53,62.31,0.61
2023-10-23,18114509.05,0.0,140311.22,0.78,140311.22,0.78,-1122789.39,-5.83,0.43,-56.66,8401382.79,85.66,-3.35,59.57,-4883514.77,-21.25,-6279582.6,-25.78,7496916.39,69.76,-0.12,-0.16,-0.06,-0.06,-0.06,-0.07,-21.82,0.76,0.0,0.0,1.11,1.78,70.67,0.6
2023-10-24,18684551.72,0.0,570042.67,3.15,710353.89,3.95,-552746.72,-2.87,0.44,-55.65,8971425.46,91.5,-2.42,59.56,-3626831.28,-16.27,-5193748.86,-21.79,8467436.92,81.83,-0.11,-0.14,-0.06,-0.06,-0.06,-0.07,-21.26,3.13,0.0,0.0,1.22,1.98,77.52,0.6
2023-10-25,17199537.86,0.0,-1485013.86,-7.95,-774659.97,-4.31,-2037760.58,-10.59,0.41,-59.5,7486411.6,76.28,-4.75,59.69,-5334742.06,-23.69,-5963010.08,-25.78,6588550.93,61.29,-0.15,-0.19,-0.06,-0.06,-0.06,-0.08,-23.31,-7.96,-7.96,0.01,1.02,1.63,65.79,0.61
2023-10-26,15973444.39,0.0,-1226093.47,-7.13,-2000753.44,-11.13,-3263854.05,-16.96,0.38,-61.92,6260318.13,63.71,-6.83,59.77,-7160318.38,-30.96,-7627944.61,-32.35,5134838.31,46.69,-0.18,-0.23,-0.07,-0.06,-0.06,-0.08,-24.67,-7.14,-7.14,0.01,0.86,1.36,56.55,0.61
2023-10-27,16254989.01,0.0,281544.62,1.76,-1719208.82,-9.56,-2982309.43,-15.5,0.39,-61.33,6541862.75,66.6,-6.31,59.75,-5668746.85,-25.87,-6723720.78,-29.29,5254637.82,47.11,-0.17,-0.22,-0.07,-0.06,-0.06,-0.08,-24.3,1.75,0.0,0.0,0.87,1.37,56.84,0.61
2023-10-30,16931476.68,0.0,676487.67,4.16,676487.67,4.16,-2305821.76,-11.98,0.41,-59.38,7218350.42,73.53,-5.09,59.76,-4918360.64,-22.53,-5316226.96,-23.93,6675106.05,64.13,-0.15,-0.19,-0.07,-0.06,-0.06,-0.08,-23.18,4.15,0.0,0.0,1.05,1.67,67.64,0.61
2023-10-31,17267096.17,0.0,335619.49,1.98,1012107.16,6.22,-1970202.27,-10.24,0.42,-58.19,7553969.91,76.97,-4.5,59.73,-4408969.06,-20.35,-5978717.42,-25.76,5165067.06,42.27,-0.14,-0.18,-0.07,-0.06,-0.06,-0.08,-22.5,1.97,0.0,0.0,0.83,1.26,51.97,0.58
2023-11-01,18376032.4,0.0,1108936.23,6.42,2121043.39,13.04,1108936.23,6.42,0.45,-55.3,8662906.14,88.34,-2.62,59.8,-2310259.76,-11.18,-4964168.68,-21.32,5743382.33,45.15,-0.11,-0.14,-0.07,-0.06,-0.06,-0.08,-20.95,6.41,0.0,0.0,0.86,1.31,54.08,0.58
2023-11-02,19588628.51,0.0,1212596.11,6.6,3333639.5,20.5,2321532.34,13.44,0.48,-52.03,9875502.25,100.77,-0.69,59.87,166957.9,0.84,-3489241.91,-15.18,7283275.7,58.77,-0.08,-0.1,-0.07,-0.06,-0.06,-0.08,-19.29,6.58,0.0,0.0,1.01,1.56,63.23,0.59
2023-11-03,20246173.54,0.0,657545.03,3.36,3991184.53,24.54,2979077.37,17.25,0.5,-50.39,10533047.28,107.51,0.28,59.86,731710.4,3.73,-4109445.39,-16.93,7449996.71,57.91,-0.06,-0.08,-0.07,-0.06,-0.06,-0.08,-18.47,3.34,0.0,0.0,1.0,1.54,62.67,0.59
2023-11-06,20491749.85,0.0,245576.31,1.21,245576.31,1.21,3224653.68,18.67,0.51,-49.39,10778623.59,110.03,0.64,59.83,845821.01,4.29,-4061904.16,-16.6,8126426.02,65.32,-0.06,-0.07,-0.07,-0.06,-0.06,-0.08,-17.98,1.2,0.0,0.0,1.08,1.67,67.2,0.58
2023-11-07,21107014.28,0.0,615264.43,3.0,860840.74,4.25,3839918.11,22.23,0.53,-47.47,11393888.02,116.34,1.51,59.82,2271764.67,12.04,-3446217.81,-14.09,8895950.5,72.4,-0.04,-0.05,-0.07,-0.06,-0.06,-0.08,-17.07,2.99,0.0,0.0,1.15,1.78,71.43,0.59
2023-11-08,21222313.12,0.0,115298.84,0.55,976139.58,4.82,3955216.95,22.9,0.53,-46.71,11509186.86,117.52,1.67,59.78,2175055.99,11.4,-2976265.95,-12.37,9020972.14,73.47,-0.04,-0.05,-0.07,-0.06,-0.06,-0.08,-16.7,0.53,0.0,0.0,1.16,1.8,72.06,0.59
2023-11-09,20546360.42,0.0,-675952.7,-3.19,300186.88,1.48,3279264.25,18.99,0.51,-48.69,10833234.16,110.59,0.74,59.78,1117294.87,5.74,-2622996.76,-11.39,8754029.05,73.69,-0.05,-0.07,-0.07,-0.06,-0.06,-0.08,-17.59,-3.2,-3.2,0.0,1.17,1.8,72.17,0.59
2023-11-10,22078621.15,0.0,1532260.73,7.46,1832447.61,9.05,4811524.98,27.86,0.55,-45.2,12365494.89,126.29,2.9,59.88,2841322.71,14.75,-989695.49,-4.36,9765598.27,78.87,-0.02,-0.02,-0.07,-0.06,-0.06,-0.08,-15.99,7.44,0.0,0.0,1.21,1.88,75.29,0.59
2023-11-13,21891226.71,0.0,-187394.44,-0.85,-187394.44,-0.85,4624130.54,26.77,0.55,-45.47,12178100.45,124.37,2.65,59.84,2525535.8,13.02,-1354157.15,-5.9,9283470.0,73.26,-0.02,-0.03,-0.07,-0.06,-0.06,-0.08,-16.09,-0.86,-0.86,0.0,1.16,1.8,72.08,0.59
2023-11-14,22123896.33,0.0,232669.62,1.06,45275.18,0.2,4856800.16,28.12,0.56,-44.42,12410770.07,126.75,2.95,59.81,3897903.54,21.37,-1643603.7,-6.99,9480644.43,74.61,-0.02,-0.02,-0.06,-0.06,-0.06,-0.08,-15.61,1.05,0.0,0.0,1.17,1.82,72.86,0.59
2023-11-15,22106300.73,0.0,-17595.6,-0.08,27679.58,0.12,4839204.56,28.02,0.56,-44.04,12393174.47,126.57,2.93,59.78,3017144.35,15.78,-2777642.74,-11.24,9601305.46,76.38,-0.02,-0.02,-0.06,-0.06,-0.06,-0.08,-15.43,-0.1,-0.1,0.0,1.19,1.85,73.86,0.59
2023-11-16,22146484.74,0.0,40184.01,0.18,67863.59,0.3,4879388.57,28.25,0.56,-43.9,12433358.48,126.98,2.98,59.74,3364029.72,17.89,-4116117.3,-15.75,10222563.62,85.16,-0.02,-0.02,-0.06,-0.06,-0.06,-0.08,-15.35,0.17,0.0,0.0,1.27,1.99,78.61,0.59
2023-11-17,22229860.81,0.0,83376.07,0.38,151239.66,0.68,4962764.64,28.73,0.56,-43.79,12516734.55,127.83,3.08,59.71,2199016.05,10.96,-3950023.99,-15.17,10512272.53,89.07,-0.02,-0.02,-0.06,-0.06,-0.06,-0.08,-15.29,0.36,0.0,0.0,1.31,2.04,80.69,0.59
2023-11-20,22809070.42,0.0,579209.61,2.61,579209.61,2.61,5541974.25,32.08,0.57,-42.54,13095944.16,133.77,3.83,59.69,2591132.35,12.8,-3924588.7,-14.76,9713664.78,73.9,-0.0,-0.0,-0.06,-0.06,-0.06,-0.08,-14.73,2.59,0.0,0.0,1.18,1.81,71.74,0.57
2023-11-21,22713189.06,0.0,-95881.36,-0.42,483328.25,2.18,5446092.89,31.52,0.57,-43.24,13000062.8,132.79,3.7,59.66,2181698.41,10.62,-4588541.08,-16.88,9387320.86,70.23,-0.0,-0.01,-0.06,-0.06,-0.06,-0.08,-15.02,-0.44,-0.44,0.0,1.14,1.75,69.59,0.57
2023-11-22,23081477.93,0.0,368288.87,1.62,851617.12,3.84,5814381.76,33.65,0.58,-42.08,13368351.67,136.56,4.17,59.63,2180144.65,10.42,-4208953.2,-15.5,9692258.11,72.18,0.0,0.0,-0.06,-0.06,-0.06,-0.08,-14.51,1.61,0.0,0.0,1.16,1.78,70.74,0.57
2023-11-23,23115346.46,0.0,33868.53,0.15,885485.65,3.99,5848250.29,33.85,0.58,-41.91,13402220.2,136.91,4.2,59.6,2450684.51,11.85,-2268170.04,-9.01,10453463.73,82.18,0.0,0.0,-0.06,-0.06,-0.06,-0.08,-14.42,0.13,0.0,0.0,1.26,1.94,76.24,0.57
2023-11-24,23039073.67,0.0,-76272.79,-0.33,809212.86,3.65,5771977.5,33.41,0.58,-42.19,13325947.41,136.13,4.1,59.56,3047570.03,15.24,-2163910.85,-8.66,10913703.58,89.48,0.0,0.0,-0.06,-0.06,-0.06,-0.08,-14.52,-0.35,-0.35,0.0,1.33,2.06,80.08,0.57
2023-11-27,23181333.33,0.0,142259.66,0.62,142259.66,0.62,5914237.16,34.23,0.58,-41.64,13468207.07,137.59,4.28,59.53,2579699.79,12.52,-1993723.6,-8.0,10984458.6,89.55,0.0,0.01,-0.06,-0.06,-0.06,-0.08,-14.28,0.6,0.0,0.0,1.33,2.06,80.12,0.57
2023-11-28,23531107.44,0.0,349774.11,1.51,492033.77,2.14,6264011.27,36.26,0.59,-41.12,13817981.18,141.17,4.7,59.5,3139940.01,15.4,-2091950.71,-8.24,11074711.93,88.48,0.01,0.02,-0.06,-0.06,-0.06,-0.08,-14.05,1.49,0.0,0.0,1.32,2.05,79.54,0.57
2023-11-29,23272001.36,0.0,-259106.08,-1.1,232927.69,1.02,6004905.19,34.76,0.58,-41.65,13558875.1,138.51,4.38,59.47,3713240.88,18.98,-2436823.87,-9.55,11250990.0,93.05,0.01,0.01,-0.06,-0.06,-0.06,-0.08,-14.25,-1.12,-1.12,0.0,1.37,2.12,81.88,0.57
2023-11-30,23100524.17,0.0,-171477.19,-0.74,61450.5,0.28,5833428.0,33.77,0.58,-42.43,13387397.91,136.75,4.17,59.44,4133831.3,21.8,-1786497.75,-7.24,10755386.86,86.68,0.0,0.0,-0.06,-0.06,-0.06,-0.08,-14.56,-0.75,-0.75,0.0,1.31,2.03,78.49,0.57
2023-12-01,24698689.27,0.0,1598165.1,6.92,1659615.6,7.22,1598165.1,6.92,0.62,-37.99,14985563.01,153.13,6.13,59.52,6724491.44,37.41,-1529815.25,-5.9,11896005.37,92.56,0.04,0.05,-0.05,-0.06,-0.06,-0.08,-12.72,6.9,0.0,0.0,1.36,2.11,81.76,0.57
2023-12-04,25501562.56,0.0,802873.29,3.25,802873.29,3.25,2401038.39,10.4,0.64,-35.98,15788436.3,161.36,7.05,59.51,7387053.51,40.78,-771709.59,-3.01,12956664.01,102.84,0.05,0.07,-0.05,-0.06,-0.06,-0.08,-11.91,3.23,0.0,0.0,1.45,2.26,86.99,0.57
2023-12-05,26117377.5,0.0,615814.94,2.41,1418688.23,5.74,3016853.33,13.07,0.66,-34.45,16404251.24,167.67,7.73,59.49,7432825.78,39.77,332356.05,1.22,14623379.31,126.56,0.06,0.08,-0.05,-0.06,-0.06,-0.07,-11.31,2.4,0.0,0.0,1.66,2.62,97.71,0.57
2023-12-06,27455002.12,0.0,1337624.62,5.12,2756312.85,11.16,4354477.95,18.86,0.69,-30.62,17741875.86,181.38,9.17,59.52,10255464.26,59.61,3582860.14,14.92,16372460.34,146.92,0.09,0.11,-0.02,-0.06,-0.06,-0.07,-9.85,5.11,0.0,0.0,1.81,2.88,106.38,0.57
2023-12-07,28696630.7,0.0,1241628.58,4.52,3997941.43,16.19,5596106.53,24.24,0.72,-27.88,18983504.44,194.11,10.44,59.53,12723186.31,79.64,5291448.72,22.52,18328482.88,175.7,0.11,0.14,-0.01,-0.06,-0.06,-0.07,-8.85,4.51,0.0,0.0,2.01,3.24,117.29,0.56
2023-12-08,31371341.94,0.0,2674711.24,9.32,6672652.67,27.02,8270817.77,35.82,0.79,-21.29,21658215.68,221.52,13.07,59.7,15116352.93,92.98,7914633.37,33.64,20967519.25,200.37,0.15,0.2,-0.01,-0.06,-0.06,-0.07,-6.55,9.3,0.0,0.0,2.14,3.49,126.27,0.57
2023-12-11,31947199.8,0.0,575857.86,1.84,575857.86,1.84,8846675.63,38.31,0.8,-19.55,22234073.54,227.42,13.57,59.68,15015723.12,88.67,8238880.44,34.65,21093327.38,193.33,0.16,0.21,-0.01,-0.06,-0.06,-0.07,-5.97,1.82,0.0,0.0,2.1,3.42,123.83,0.57
2023-12-12,37437052.71,0.0,5489852.91,17.18,6065710.77,19.34,14336528.54,62.08,0.94,-6.25,27723926.45,283.68,18.42,60.33,20169956.54,116.81,14252525.94,61.37,27348016.96,269.54,0.24,0.31,-0.01,-0.06,-0.05,-0.07,-1.81,17.17,0.0,0.0,2.45,4.2,147.99,0.59
2023-12-13,43184820.4,0.0,5747767.69,15.35,11813478.46,37.66,20084296.23,86.96,1.08,8.43,33471694.14,342.59,22.73,60.84,24808788.0,135.0,20560490.0,90.75,33306711.11,335.27,0.31,0.41,-0.01,-0.06,-0.05,-0.07,2.31,15.34,0.0,0.0,2.66,4.72,165.41,0.61
2023-12-14,49482165.2,3699718.64,2597626.16,6.02,14411104.62,45.94,22681922.39,98.21,1.14,14.5,36069320.3,369.21,24.4,60.89,26193818.05,133.71,23158411.22,102.22,35904277.38,361.44,0.33,0.45,-0.01,-0.06,-0.05,-0.07,3.89,6.0,0.0,0.0,2.75,4.89,171.43,0.61
2023-12-15,48910440.29,0.0,-571724.91,-1.16,13839379.71,44.25,22110197.48,95.92,1.13,12.68,35497595.39,363.79,24.04,60.86,24964548.11,123.51,22966535.52,103.31,35802299.71,378.68,0.33,0.44,-0.01,-0.06,-0.05,-0.07,3.42,-1.17,-1.17,0.0,2.82,5.04,174.98,0.61
2023-12-18,49294717.39,0.0,384277.1,0.79,384277.1,0.79,22494474.58,97.46,1.14,13.89,35881872.49,367.43,24.24,60.83,25103248.9,122.56,22787764.82,99.84,36616717.94,405.25,0.33,0.44,-0.01,-0.06,-0.05,-0.07,3.73,0.77,0.0,0.0,2.92,5.24,180.29,0.6
2023-12-19,52082496.76,0.0,2787779.37,5.66,3172056.47,6.49,25282253.95,108.63,1.2,20.45,38669651.86,393.86,25.8,60.87,27275763.84,128.31,26303561.44,118.11,38604769.45,390.62,0.36,0.48,-0.01,-0.06,-0.05,-0.07,5.37,5.64,0.0,0.0,2.88,5.15,177.14,0.6
2023-12-20,47655962.1,0.0,-4426534.66,-8.5,-1254478.19,-2.56,20855719.29,90.9,1.1,9.8,34243117.2,351.89,23.39,61.0,22733930.34,107.77,22675252.67,107.08,34243117.2,351.93,0.32,0.42,-0.02,-0.06,-0.06,-0.08,2.66,-8.51,-8.51,0.01,2.72,4.77,169.3,0.61
2023-12-21,50776876.03,0.0,3120913.93,6.55,1866435.74,3.82,23976633.22,103.4,1.17,17.2,37364031.13,381.48,25.2,61.06,26530796.97,128.67,26681744.53,130.21,36853586.94,357.72,0.35,0.46,-0.01,-0.06,-0.06,-0.08,4.55,6.53,0.0,0.0,2.74,4.81,170.65,0.61
2023-12-22,51308319.2,0.0,531443.17,1.05,2397878.91,4.91,24508076.39,105.53,1.18,18.22,37895474.3,386.52,25.46,61.03,25529979.41,115.02,27287004.96,133.46,37135624.83,351.59,0.35,0.47,-0.01,-0.06,-0.06,-0.08,4.8,1.03,0.0,0.0,2.72,4.77,169.28,0.61
2023-12-25,51291638.18,0.0,-16681.02,-0.03,-16681.02,-0.03,24491395.37,105.46,1.18,17.96,37878793.28,386.36,25.43,61.0,25700692.83,116.8,26441171.3,124.25,36756528.73,336.48,0.35,0.47,-0.01,-0.06,-0.06,-0.08,4.73,-0.05,-0.05,0.0,2.66,4.67,165.82,0.61
2023-12-26,53575313.75,0.0,2283675.57,4.45,2266994.55,4.42,26775070.94,114.61,1.23,23.25,40162468.85,408.01,26.64,61.01,27751698.78,124.09,28836720.22,135.48,37243028.36,291.59,0.37,0.49,-0.01,-0.06,-0.06,-0.08,6.02,4.44,0.0,0.0,2.55,4.32,153.84,0.59
2023-12-27,55663982.32,0.0,2088668.57,3.9,4355663.12,8.49,28863739.51,122.98,1.28,27.8,42251137.42,427.82,27.7,61.01,29857962.95,133.0,29900242.98,133.3,39291047.0,305.55,0.39,0.52,-0.01,-0.06,-0.06,-0.08,7.08,3.88,0.0,0.0,2.61,4.42,157.42,0.59
2023-12-28,54811479.43,0.0,-852502.89,-1.53,3503160.23,6.83,28011236.62,119.57,1.26,26.04,41398634.53,419.74,27.24,60.98,28965276.05,129.03,30463208.92,145.49,38284314.46,294.57,0.38,0.51,-0.01,-0.06,-0.06,-0.08,6.66,-1.55,-1.55,0.0,2.56,4.34,154.68,0.59
2023-12-29,52252097.37,0.0,-2559382.06,-4.67,943778.17,1.84,25451854.56,109.32,1.2,20.12,38839252.47,395.47,25.91,61.0,26322517.92,117.51,27428650.19,128.77,34848428.68,252.27,0.36,0.48,-0.03,-0.06,-0.06,-0.08,5.24,-4.69,-4.69,0.0,2.37,3.98,143.23,0.59
2024-01-01,52235600.5,0.0,-16496.87,-0.03,-16496.87,-0.03,-16496.87,-0.03,1.2,19.96,-16496.87,-0.03,25.88,60.96,25726811.44,111.91,26983177.91,124.14,34187673.36,236.44,0.36,0.48,-0.03,-0.06,-0.06,-0.08,5.19,-0.05,-0.05,0.0,2.29,3.84,138.53,0.59
2024-01-04,45589247.65,0.0,-6646352.85,-12.72,-6662849.72,-12.75,-6662849.72,-12.75,1.05,4.73,-6662849.72,-12.75,22.31,61.3,19176339.95,85.73,19096910.17,84.99,27355738.76,189.93,0.3,0.4,-0.07,-0.06,-0.06,-0.08,1.29,-12.74,-12.74,0.02,2.0,3.23,124.53,0.6
2024-01-05,45625184.74,0.0,35937.09,0.08,-6626912.63,-12.68,-6626912.63,-12.68,1.05,5.08,-6626912.63,-12.68,22.31,61.27,18843988.17,82.92,18905236.0,83.31,27390847.98,190.14,0.3,0.4,-0.07,-0.06,-0.06,-0.08,1.39,0.06,0.0,0.0,2.0,3.24,124.6,0.6
2024-01-08,46933498.87,0.0,1308314.13,2.87,1308314.13,2.87,-5318598.5,-10.18,1.08,8.01,-5318598.5,-10.18,23.08,61.25,20118433.77,87.88,20157225.62,88.12,28825025.12,201.05,0.31,0.41,-0.07,-0.06,-0.06,-0.08,2.16,2.85,0.0,0.0,2.07,3.34,128.33,0.6
2024-01-09,46407438.3,0.0,-526060.57,-1.12,782253.56,1.72,-5844659.07,-11.19,1.07,6.79,-5844659.07,-11.19,22.75,61.22,19668645.99,86.4,19634824.37,86.05,28188633.96,195.44,0.31,0.41,-0.07,-0.06,-0.06,-0.08,1.84,-1.14,-1.14,0.0,2.03,3.29,126.45,0.6
2024-01-10,46671562.89,0.0,264124.59,0.57,1046378.15,2.3,-5580534.48,-10.68,1.08,7.61,-5580534.48,-10.68,22.88,61.19,19790510.92,86.31,19900956.82,87.13,28642862.35,201.04,0.31,0.41,-0.07,-0.06,-0.06,-0.08,2.05,0.55,0.0,0.0,2.07,3.34,128.32,0.6
2024-01-11,46305444.67,0.0,-366118.22,-0.78,680259.93,1.5,-5946652.7,-11.38,1.07,7.15,-5946652.7,-11.38,22.64,61.16,19074618.59,82.1,19667668.04,86.75,27774565.66,188.63,0.3,0.4,-0.07,-0.06,-0.06,-0.08,1.93,-0.8,-0.8,0.0,2.0,3.22,124.06,0.6
2024-01-12,46067576.15,0.0,-237868.52,-0.51,442391.41,0.98,-6184521.22,-11.84,1.06,6.45,-6184521.22,-11.84,22.47,61.13,19095856.15,83.18,19965666.55,90.25,26989737.01,177.02,0.3,0.4,-0.07,-0.06,-0.06,-0.08,1.74,-0.53,-0.53,0.0,1.93,3.11,119.89,0.6
2024-01-15,46041294.99,0.0,-26281.16,-0.06,-26281.16,-0.06,-6210802.38,-11.89,1.06,5.94,-6210802.38,-11.89,22.43,61.09,19241052.18,84.45,20244852.59,92.77,26767869.16,173.43,0.3,0.4,-0.07,-0.06,-0.06,-0.08,1.6,-0.07,-0.07,0.0,1.91,3.07,118.57,0.6
2024-01-16,45092401.66,0.0,-948893.33,-2.06,-975174.49,-2.12,-7159695.71,-13.71,1.04,3.82,-7159695.71,-13.71,21.84,61.07,16693993.75,68.95,19131600.22,87.4,25829292.58,167.98,0.29,0.39,-0.07,-0.06,-0.06,-0.08,1.04,-2.08,-2.08,0.0,1.87,3.02,116.58,0.6
2024-01-17,44532907.54,0.0,-559494.12,-1.24,-1534668.61,-3.33,-7719189.83,-14.78,1.03,2.71,-7719189.83,-14.78,21.47,61.04,15331626.34,61.61,17835165.08,79.15,24357482.51,150.1,0.29,0.38,-0.07,-0.06,-0.06,-0.08,0.74,-1.26,-1.26,0.0,1.76,2.83,109.52,0.6
2024-01-18,44796603.76,0.0,263696.22,0.59,-1270972.39,-2.76,-7455493.61,-14.28,1.04,3.61,-7455493.61,-14.28,21.61,61.01,14979507.62,58.74,18785502.12,85.77,24580162.63,150.95,0.29,0.38,-0.07,-0.06,-0.06,-0.08,0.98,0.58,0.0,0.0,1.77,2.84,109.86,0.6
2024-01-19,45867304.52,0.0,1070700.76,2.39,-200271.63,-0.44,-6384792.85,-12.23,1.06,6.49,-6384792.85,-12.23,22.25,60.99,14712583.76,54.61,19633305.96,88.32,26761885.89,175.37,0.3,0.4,-0.07,-0.06,-0.06,-0.08,1.74,2.37,0.0,0.0,1.93,3.13,118.94,0.59
2024-01-22,46441962.7,0.0,574658.18,1.25,574658.18,1.25,-5810134.67,-11.13,1.07,7.33,-5810134.67,-11.13,22.57,60.96,14045613.36,49.78,19608481.29,85.74,26649037.96,166.99,0.3,0.4,-0.07,-0.06,-0.06,-0.08,1.96,1.24,0.0,0.0,1.88,3.04,115.76,0.59
2024-01-23,46567659.04,0.0,125696.34,0.27,700354.52,1.52,-5684438.33,-10.89,1.07,7.29,-5684438.33,-10.89,22.61,60.92,11496598.46,37.38,20944204.54,96.51,25397740.57,146.73,0.31,0.41,-0.07,-0.06,-0.06,-0.08,1.95,0.25,0.0,0.0,1.76,2.82,107.53,0.59
2024-01-24,46282883.17,0.0,-284775.87,-0.61,415578.65,0.9,-5969214.2,-11.43,1.06,6.35,-5969214.2,-11.43,22.42,60.89,10635964.73,34.07,20733327.21,95.98,23913059.75,129.54,0.3,0.4,-0.07,-0.06,-0.06,-0.08,1.7,-0.63,-0.63,0.0,1.64,2.62,100.09,0.58
2024-01-25,45868161.08,0.0,-414722.09,-0.9,856.56,-0.0,-6383936.29,-12.22,1.05,5.05,-6383936.29,-12.22,22.15,60.86,4731389.73,13.39,20492377.21,95.79,24722756.43,143.36,0.3,0.4,-0.07,-0.06,-0.05,-0.08,1.36,-0.91,-0.91,0.0,1.75,2.81,105.71,0.58
2024-01-26,47691190.66,2059481.0,-236451.42,-0.52,-235594.86,-0.52,-6620387.71,-12.67,1.04,4.46,-6620387.71,-12.67,21.99,60.83,-1252829.38,-2.21,21245698.86,104.1,25154829.5,151.68,0.3,0.39,-0.07,-0.06,-0.05,-0.08,1.2,-0.53,-0.53,0.0,1.81,2.92,109.0,0.58
2024-01-29,49078784.48,0.0,1387593.82,2.91,1387593.82,2.91,-5232793.89,-10.13,1.07,7.03,-5232793.89,-10.13,22.76,60.81,-2462861.72,-5.08,23897914.23,123.7,25877463.17,149.18,0.31,0.41,-0.07,-0.06,-0.05,-0.08,1.87,2.89,0.0,0.0,1.8,2.89,107.97,0.58
2024-01-30,48902972.3,0.0,-175812.18,-0.36,1211781.64,2.54,-5408606.07,-10.45,1.07,6.62,-5408606.07,-10.45,22.63,60.78,-2066948.99,-4.31,23629309.52,121.83,26229724.41,155.99,0.31,0.41,-0.07,-0.06,-0.05,-0.08,1.76,-0.37,-0.37,0.0,1.85,2.98,110.62,0.58
2024-01-31,47476819.9,0.0,-1426152.4,-2.92,-214370.76,-0.45,-6834758.47,-13.06,1.04,3.88,-6834758.47,-13.06,21.82,60.77,-3877378.49,-7.83,22071691.42,113.93,25347843.43,156.74,0.29,0.39,-0.07,-0.06,-0.05,-0.08,1.04,-2.93,-2.93,0.0,1.85,2.98,110.9,0.58
2024-02-01,48246619.3,0.0,769799.4,1.62,555428.64,1.16,769799.4,1.62,1.06,5.69,-6064959.07,-11.65,22.23,60.74,-5895358.46,-11.36,23652170.05,126.75,26434702.74,166.02,0.3,0.4,-0.07,-0.06,-0.05,-0.08,1.51,1.61,0.0,0.0,1.91,3.09,114.45,0.58
2024-02-02,48037632.79,0.0,-208986.51,-0.43,346442.13,0.72,560812.89,1.18,1.06,5.54,-6273945.58,-12.03,22.09,60.71,-1677810.31,-3.55,23231176.02,123.24,25569047.09,154.51,0.3,0.4,-0.04,-0.06,-0.05,-0.08,1.48,-0.45,-0.45,0.0,1.84,2.96,109.95,0.58
2024-02-05,46630667.12,0.0,-1406965.67,-2.93,-1406965.67,-2.93,-846152.78,-1.78,1.03,2.9,-7680911.25,-14.61,21.27,60.69,-6205689.91,-12.12,21442401.93,112.46,23897834.88,143.24,0.28,0.38,-0.04,-0.06,-0.05,-0.08,0.78,-2.94,-2.94,0.0,1.76,2.83,105.45,0.58
2024-02-06,47212895.41,0.0,582228.29,1.25,-824737.38,-1.72,-263924.49,-0.55,1.04,4.29,-7098682.96,-13.54,21.59,60.67,-6154904.79,-11.95,22216397.33,117.26,24377805.54,144.81,0.29,0.38,-0.04,-0.06,-0.05,-0.08,1.14,1.23,0.0,0.0,1.77,2.85,106.1,0.58
2024-02-07,47460959.45,0.0,248064.04,0.53,-576673.34,-1.2,-15860.45,-0.03,1.05,4.55,-6850618.92,-13.09,21.71,60.63,-5890159.73,-11.46,22336068.9,116.95,25831895.13,164.68,0.29,0.39,-0.04,-0.06,-0.05,-0.08,1.21,0.51,0.0,0.0,1.92,3.12,113.65,0.57
2024-02-08,46907842.64,0.0,-553116.81,-1.17,-1129790.15,-2.35,-568977.26,-1.2,1.04,3.78,-7403735.73,-14.1,21.37,60.6,-8726952.11,-16.22,22922650.21,127.86,25777421.02,170.03,0.29,0.38,-0.04,-0.05,-0.05,-0.08,1.01,-1.18,-1.18,0.0,1.95,3.18,115.6,0.57
2024-02-09,46796050.34,0.0,-111792.3,-0.24,-1241582.45,-2.58,-680769.56,-1.44,1.04,3.75,-7515528.03,-14.3,21.28,60.57,-10927412.98,-19.56,21947694.32,117.02,25660899.6,169.29,0.29,0.38,-0.04,-0.05,-0.05,-0.08,1.0,-0.25,-0.25,0.0,1.95,3.17,115.33,0.57
2024-02-12,47189758.26,0.0,393707.92,0.84,393707.92,0.84,-287061.64,-0.61,1.05,4.87,-7121820.11,-13.58,21.49,60.54,-9681202.17,-17.62,22648103.6,122.42,27246847.23,194.21,0.29,0.38,-0.04,-0.05,-0.05,-0.08,1.29,0.83,0.0,0.0,2.12,3.5,123.87,0.57
2024-02-13,46141363.27,0.0,-1048394.99,-2.22,-654687.07,-1.4,-1335456.63,-2.82,1.03,2.67,-8170215.1,-15.5,20.86,60.52,-8170215.1,-15.51,20351318.87,103.91,26228635.35,188.27,0.28,0.37,-0.03,-0.05,-0.05,-0.08,0.71,-2.24,-2.24,0.0,2.08,3.44,121.86,0.57
2024-02-14,47085224.63,0.0,943861.36,2.05,289174.29,0.62,-391595.27,-0.83,1.05,5.11,-7226353.74,-13.77,21.39,60.5,-7209856.87,-13.75,21108086.92,106.17,26801662.7,186.72,0.29,0.38,-0.03,-0.05,-0.05,-0.08,1.35,2.03,0.0,0.0,2.07,3.42,121.31,0.57
2024-02-15,47621727.76,0.0,536503.13,1.14,825677.42,1.77,144907.86,0.3,1.06,6.2,-6689850.61,-12.79,21.68,60.47,-27000.89,-0.05,21331037.47,105.35,27913754.55,201.9,0.29,0.39,-0.03,-0.05,-0.05,-0.08,1.63,1.12,0.0,0.0,2.17,3.59,126.39,0.56
2024-02-16,47680128.06,0.0,58400.3,0.12,884077.72,1.89,203308.16,0.42,1.06,6.13,-6631450.31,-12.68,21.69,60.43,-4537.68,-0.01,21019595.14,101.96,27739140.93,197.33,0.29,0.39,-0.03,-0.05,-0.05,-0.08,1.61,0.11,0.0,0.0,2.14,3.55,124.85,0.56
2024-02-20,47393114.15,0.0,-287013.91,-0.6,-287013.91,-0.6,-83705.75,-0.18,1.05,5.36,-6918464.22,-13.21,21.5,60.4,-1599865.72,-3.39,20969252.56,103.04,27542547.86,197.41,0.29,0.38,-0.03,-0.05,-0.05,-0.08,1.41,-0.62,-0.62,0.0,2.14,3.55,124.88,0.56
2024-02-21,46880533.08,0.0,-512581.07,-1.08,-799594.98,-1.68,-596286.82,-1.26,1.04,3.86,-7431045.29,-14.15,21.19,60.37,-1586386.22,-3.35,21129829.8,107.61,27284302.52,199.56,0.28,0.38,-0.03,-0.05,-0.05,-0.08,1.02,-1.1,-1.1,0.0,2.16,3.57,125.59,0.56
2024-02-22,47876224.0,0.0,995690.92,2.12,196095.94,0.41,399404.1,0.84,1.06,6.21,-6435354.37,-12.33,21.74,60.35,-854819.89,-1.85,21515390.82,105.75,27913606.84,198.09,0.29,0.39,-0.03,-0.05,-0.05,-0.08,1.63,2.11,0.0,0.0,2.15,3.56,125.08,0.56
2024-02-23,47835175.54,0.0,-41048.46,-0.09,155047.48,0.32,358355.64,0.75,1.06,5.91,-6476402.83,-12.41,21.69,60.32,-529750.13,-1.17,21684808.47,107.69,26958590.33,179.93,0.29,0.39,-0.03,-0.05,-0.05,-0.08,1.55,-0.1,-0.1,0.0,2.04,3.37,118.6,0.56
2024-02-26,47332207.95,0.0,-502967.59,-1.05,-502967.59,-1.05,-144611.95,-0.31,1.05,4.89,-6979370.42,-13.33,21.38,60.29,-794849.2,-1.71,22014247.83,114.23,26373077.34,175.49,0.29,0.38,-0.03,-0.05,-0.05,-0.08,1.28,-1.07,-1.07,0.0,2.02,3.32,117.01,0.56
2024-02-27,47229604.26,0.0,-102603.69,-0.22,-605571.28,-1.26,-247215.64,-0.53,1.05,4.77,-7081974.11,-13.52,21.3,60.26,-871171.73,-1.86,22503711.75,120.45,26991642.91,188.48,0.29,0.38,-0.03,-0.05,-0.05,-0.08,1.25,-0.23,-0.23,0.0,2.1,3.49,121.5,0.56
2024-02-28,46894305.51,0.0,-335298.75,-0.71,-940870.03,-1.96,-582514.39,-1.24,1.04,4.25,-7417272.86,-14.13,21.09,60.23,-257577.15,-0.52,23160908.04,130.96,26623054.38,185.77,0.28,0.38,-0.03,-0.04,-0.05,-0.08,1.12,-0.73,-0.73,0.0,2.09,3.46,120.56,0.56
2024-02-29,47170239.22,0.0,275933.71,0.59,-664936.32,-1.38,-306580.68,-0.66,1.05,4.61,-7141339.15,-13.62,21.23,60.2,577850.68,1.33,23296530.53,130.52,27667599.91,203.41,0.29,0.38,-0.03,-0.04,-0.05,-0.08,1.21,0.57,0.0,0.0,2.2,3.68,126.41,0.56
2024-03-01,48906844.74,0.0,1736605.52,3.68,1071669.2,2.25,1736605.52,3.68,1.09,8.87,-5404733.63,-10.44,22.18,60.19,2050759.98,4.44,24463093.38,131.71,29825390.82,224.45,0.3,0.4,-0.03,-0.04,-0.05,-0.08,2.29,3.67,0.0,0.0,2.33,3.89,133.13,0.56
2024-03-04,49379465.2,0.0,472620.46,0.97,472620.46,0.97,2209225.98,4.68,1.1,10.05,-4932113.17,-9.57,22.42,60.16,1452679.68,2.99,26420727.7,154.15,30258838.92,226.63,0.31,0.41,-0.03,-0.03,-0.05,-0.08,2.58,0.95,0.0,0.0,2.34,3.91,133.81,0.56
2024-03-05,48483903.73,0.0,-895561.47,-1.81,-422941.01,-0.86,1313664.51,2.78,1.08,8.01,-5827674.64,-11.21,21.91,60.14,-17539.97,-0.12,26751259.7,168.71,28621851.8,203.97,0.3,0.4,-0.03,-0.03,-0.05,-0.08,2.07,-1.83,-1.83,0.0,2.21,3.69,126.49,0.55
2024-03-06,49791685.55,0.0,1307781.82,2.7,884840.81,1.81,2621446.33,5.55,1.11,10.91,-4519892.82,-8.82,22.61,60.12,1164545.51,2.3,27777496.9,171.2,29938453.29,212.37,0.31,0.41,-0.03,-0.03,-0.05,-0.08,2.79,2.68,0.0,0.0,2.26,3.77,129.25,0.55
2024-03-07,51137119.51,0.0,1345433.96,2.7,2230274.77,4.56,3966880.29,8.4,1.14,14.0,-3174458.86,-6.36,23.3,60.11,2794755.34,5.71,28446443.19,167.41,30219719.18,198.43,0.32,0.43,-0.03,-0.03,-0.05,-0.08,3.53,2.69,0.0,0.0,2.19,3.63,124.45,0.55
2024-03-08,50236312.82,0.0,-900806.69,-1.76,1329468.08,2.72,3066073.6,6.49,1.12,11.99,-4075265.55,-8.01,22.81,60.08,2308670.74,4.79,27210017.01,157.59,29588539.85,198.45,0.31,0.42,-0.03,-0.03,-0.05,-0.08,3.04,-1.78,-1.78,0.0,2.19,3.63,124.46,0.55
2024-03-11,48904570.02,0.0,-1331742.8,-2.65,-1331742.8,-2.65,1734330.8,3.67,1.09,9.03,-5407008.35,-10.45,22.08,60.07,1213379.36,2.55,24769337.98,135.64,28166638.28,188.81,0.3,0.4,-0.03,-0.03,-0.05,-0.08,2.31,-2.67,-2.67,0.0,2.13,3.52,121.21,0.55
2024-03-12,50430891.76,0.0,1526321.74,3.12,194578.94,0.39,3260652.54,6.91,1.12,12.4,-3880686.61,-7.66,22.88,60.06,1352107.28,2.76,25083063.61,127.95,29426378.14,192.65,0.31,0.42,-0.03,-0.03,-0.05,-0.08,3.14,3.11,0.0,0.0,2.15,3.56,122.56,0.55
2024-03-13,49284279.24,0.0,-1146612.52,-2.27,-952033.58,-1.89,2114040.02,4.48,1.09,9.45,-5027299.13,-9.76,22.26,60.04,381306.94,0.78,23278906.06,115.52,28531566.56,190.76,0.3,0.4,-0.03,-0.03,-0.05,-0.08,2.41,-2.29,-2.29,0.0,2.14,3.54,121.93,0.55
2024-03-14,48450110.04,0.0,-834169.2,-1.69,-1786202.78,-3.55,1279870.82,2.71,1.07,7.16,-5861468.33,-11.29,21.79,60.01,973290.14,2.06,22199160.55,109.35,27114105.9,175.23,0.3,0.39,-0.02,-0.03,-0.05,-0.08,1.84,-1.71,-1.71,0.0,2.04,3.36,116.38,0.55
2024-03-15,47620709.69,0.0,-829400.35,-1.71,-2615603.13,-5.2,450470.47,0.95,1.05,5.17,-6690868.68,-12.81,21.32,59.99,-625909.61,-1.28,20754495.77,99.78,26067480.9,166.82,0.29,0.38,-0.02,-0.03,-0.05,-0.08,1.34,-1.73,-1.73,0.0,1.98,3.27,113.28,0.55
2024-03-18,48230795.58,0.0,610085.89,1.28,610085.89,1.28,1060556.36,2.24,1.06,6.35,-6080782.79,-11.69,21.63,59.96,193162.79,0.41,21249282.82,101.24,27238869.69,180.13,0.29,0.39,-0.02,-0.03,-0.05,-0.08,1.63,1.27,0.0,0.0,2.07,3.43,118.09,0.55
2024-03-19,48570510.73,0.0,339715.15,0.7,949801.04,1.99,1400271.51,2.96,1.07,6.75,-5741067.64,-11.07,21.8,59.93,1939843.61,4.17,22264950.67,109.33,27745250.7,185.21,0.3,0.39,-0.02,-0.03,-0.05,-0.08,1.73,0.69,0.0,0.0,2.11,3.49,119.88,0.55
2024-03-20,50644270.94,0.0,2073760.21,4.27,3023561.25,6.34,3474031.72,7.36,1.12,11.57,-3667307.43,-7.27,22.89,59.94,3431375.53,7.28,22806450.15,103.1,29235948.96,186.37,0.32,0.42,-0.02,-0.03,-0.05,-0.08,2.92,4.25,0.0,0.0,2.11,3.5,120.31,0.55
2024-03-21,52077513.65,0.0,1433242.71,2.83,4456803.96,9.35,4907274.43,10.4,1.15,15.17,-2234064.72,-4.65,23.61,59.92,4616554.2,9.73,24427087.3,110.64,30214825.13,186.21,0.33,0.43,-0.02,-0.03,-0.05,-0.08,3.77,2.81,0.0,0.0,2.11,3.5,120.25,0.55
2024-03-22,51833213.69,0.0,-244299.96,-0.47,4212504.0,8.84,4662974.47,9.88,1.14,14.46,-2478364.68,-5.1,23.46,59.89,4925371.05,10.51,23950117.72,107.46,29238190.26,172.55,0.32,0.43,-0.02,-0.03,-0.05,-0.08,3.6,-0.48,-0.48,0.0,2.03,3.35,115.26,0.55
2024-03-25,54501547.94,2914000.0,-245665.75,-0.47,-245665.75,-0.47,4417308.72,9.36,1.13,13.46,-2724030.43,-5.55,23.31,59.86,4791497.6,10.25,23722047.57,106.64,28852661.18,169.02,0.32,0.43,-0.02,-0.03,-0.05,-0.08,3.36,-0.49,-0.49,0.0,2.0,3.31,113.96,0.55
2024-03-26,53988264.51,0.0,-513283.43,-0.94,-758949.18,-1.41,3904025.29,8.33,1.12,11.94,-3237313.86,-6.44,23.05,59.83,3884506.25,8.3,23168580.13,104.33,28197242.66,164.3,0.32,0.42,-0.02,-0.03,-0.05,-0.08,2.99,-0.96,-0.96,0.0,1.97,3.25,112.19,0.55
2024-03-27,54592639.02,0.0,604374.51,1.12,-154574.67,-0.31,4508399.8,9.54,1.13,13.25,-2632939.35,-5.39,23.31,59.8,5537275.75,12.01,23689578.57,105.84,29022068.25,170.73,0.32,0.43,-0.02,-0.03,-0.05,-0.08,3.3,1.1,0.0,0.0,2.02,3.33,114.59,0.55
2024-03-28,54958701.65,0.0,366062.63,0.67,211487.96,0.36,4874462.43,10.27,1.14,13.76,-2266876.72,-4.76,23.47,59.77,4959477.02,10.49,23476431.59,101.95,29040013.73,167.07,0.33,0.43,-0.02,-0.03,-0.05,-0.08,3.42,0.65,0.0,0.0,1.99,3.29,113.21,0.55
2024-04-01,54693997.16,0.0,-264704.49,-0.48,-264704.49,-0.48,-264704.49,-0.48,1.13,13.45,-2531581.21,-5.22,23.32,59.74,4158269.4,8.72,23307608.46,101.82,28902502.55,167.74,0.32,0.43,-0.02,-0.03,-0.05,-0.08,3.34,-0.5,-0.5,0.0,2.0,3.29,113.46,0.55
2024-04-02,53680451.73,0.0,-1013545.43,-1.85,-1278249.92,-2.32,-1278249.92,-2.32,1.11,10.91,-3545126.64,-6.98,22.81,59.72,3086323.67,6.58,21925774.16,94.93,28074790.65,165.65,0.31,0.42,-0.02,-0.03,-0.05,-0.08,2.73,-1.87,-1.87,0.0,1.98,3.27,112.69,0.55
2024-04-03,54398491.74,0.0,718040.01,1.34,-560209.91,-1.01,-560209.91,-1.01,1.12,12.48,-2827086.63,-5.74,23.13,59.69,4091377.59,8.66,22609945.64,97.25,28957455.26,171.85,0.32,0.43,-0.02,-0.03,-0.05,-0.08,3.11,1.32,0.0,0.0,2.02,3.34,115.0,0.55
2024-04-04,51227142.95,0.0,-3171348.79,-5.83,-3731558.7,-6.78,-3731558.7,-6.78,1.05,5.47,-5998435.42,-11.24,21.6,59.74,1432609.87,3.44,19514869.64,86.37,26034613.55,159.83,0.29,0.39,-0.02,-0.03,-0.05,-0.08,1.39,-5.85,-5.85,0.0,1.93,3.16,110.64,0.55
2024-04-05,53255971.24,0.0,2028828.29,3.96,-1702730.41,-3.09,-1702730.41,-3.09,1.09,9.16,-3969607.13,-7.72,22.6,59.74,2465747.24,5.31,21401438.27,92.55,27209204.24,156.91,0.31,0.41,-0.02,-0.03,-0.05,-0.08,2.3,3.94,0.0,0.0,1.91,3.13,109.46,0.55
2024-04-08,53410109.76,0.0,154138.52,0.29,154138.52,0.29,-1548591.89,-2.81,1.09,9.32,-3815468.61,-7.45,22.65,59.71,2660934.22,5.71,21205802.68,90.24,27989972.14,167.25,0.31,0.41,-0.02,-0.03,-0.05,-0.08,2.34,0.27,0.0,0.0,1.99,3.26,113.34,0.55
2024-04-09,53587844.8,0.0,177735.04,0.33,331873.56,0.62,-1370856.85,-2.49,1.09,9.36,-3637733.57,-7.14,22.72,59.68,3341636.85,7.19,21642643.8,93.0,28557986.56,174.51,0.31,0.42,-0.02,-0.03,-0.05,-0.08,2.35,0.32,0.0,0.0,2.04,3.35,115.99,0.55
2024-04-10,51021841.5,0.0,-2566003.3,-4.79,-2234129.74,-4.2,-3936860.15,-7.16,1.04,3.78,-6203736.87,-11.59,21.45,59.7,878237.24,2.28,19248117.69,85.12,25880313.33,159.59,0.29,0.39,-0.04,-0.04,-0.05,-0.08,0.96,-4.8,-4.8,0.0,1.93,3.15,110.52,0.55
2024-04-11,54085400.77,0.0,3063559.27,6.0,829429.53,1.55,-873300.88,-1.59,1.1,10.24,-3140177.6,-6.28,22.98,59.74,4277095.26,9.19,20713511.86,83.53,29200532.97,179.51,0.32,0.42,-0.04,-0.04,-0.05,-0.08,2.55,5.99,0.0,0.0,2.06,3.38,118.07,0.55
2024-04-12,49125989.56,0.0,-4959411.21,-9.17,-4129981.68,-7.76,-5832712.09,-10.61,1.0,-0.09,-8099588.81,-14.87,20.59,59.9,-958249.66,-1.41,14951227.36,61.45,24243623.5,153.92,0.28,0.37,-0.05,-0.05,-0.05,-0.08,-0.02,-9.19,-9.19,0.01,1.87,3.0,108.92,0.56
2024-04-15,46705586.82,0.0,-2420402.74,-4.93,-2420402.74,-4.93,-8253114.83,-15.01,0.95,-4.93,-10519991.55,-19.06,19.3,59.92,-5115257.92,-9.59,11915009.68,49.88,21856870.85,141.91,0.26,0.34,-0.05,-0.05,-0.05,-0.08,-1.29,-4.94,-4.94,0.0,1.78,2.84,104.2,0.56
2024-04-16,45847381.2,0.0,-858205.62,-1.84,-3278608.36,-6.68,-9111320.45,-16.57,0.93,-6.75,-11378197.17,-20.55,18.81,59.9,-6446084.0,-12.11,9719179.44,39.96,20696740.14,133.1,0.25,0.33,-0.05,-0.05,-0.05,-0.08,-1.78,-1.85,-1.85,0.0,1.71,2.73,100.49,0.56
2024-04-17,42944850.89,0.0,-2902530.31,-6.33,-6181138.67,-12.59,-12013850.76,-21.85,0.87,-12.89,-14280727.48,-25.58,17.16,59.96,-8453052.84,-16.16,5575020.55,25.42,17915811.53,119.97,0.22,0.29,-0.06,-0.05,-0.06,-0.08,-3.49,-6.35,-6.35,0.0,1.6,2.53,94.9,0.57
2024-04-18,42064784.73,0.0,-880066.16,-2.05,-7061204.83,-14.38,-12893916.92,-23.45,0.85,-14.78,-15160793.64,-27.11,16.61,59.94,-10640900.82,-20.03,2020243.15,12.38,16267769.98,105.79,0.21,0.28,-0.06,-0.05,-0.06,-0.08,-4.03,-2.07,-2.07,0.0,1.48,2.34,88.15,0.57
2024-04-19,38769174.42,0.0,-3295610.31,-7.83,-10356815.14,-21.09,-16189527.23,-29.45,0.78,-21.66,-18456403.95,-32.82,14.58,60.04,-15281945.09,-28.24,-1851225.02,1.7,11877978.6,78.27,0.18,0.23,-0.07,-0.06,-0.06,-0.08,-6.08,-7.85,-7.85,0.01,1.23,1.9,73.93,0.57
2024-04-22,40992172.28,0.0,2222997.86,5.73,2222997.86,5.73,-13966529.37,-25.4,0.82,-17.53,-16233406.09,-28.97,16.04,60.08,-12158140.54,-22.76,-5118080.07,-8.23,13247568.69,80.08,0.2,0.27,-0.07,-0.06,-0.06,-0.08,-4.82,5.72,0.0,0.0,1.24,1.93,74.98,0.57
2024-04-23,43830517.22,0.0,2838344.94,6.92,5061342.8,13.05,-11128184.43,-20.23,0.88,-12.32,-13395061.15,-24.05,17.8,60.15,-7988052.8,-15.17,-8027502.82,-14.93,17114041.12,103.51,0.23,0.3,-0.07,-0.06,-0.06,-0.08,-3.31,6.91,0.0,0.0,1.46,2.29,87.29,0.57
2024-04-24,44070345.99,0.0,239828.77,0.55,5301171.57,13.67,-10888355.66,-19.79,0.88,-11.52,-13155232.38,-23.63,17.92,60.12,-9274545.77,-17.29,-10385300.21,-19.33,16899507.4,99.58,0.23,0.31,-0.07,-0.06,-0.06,-0.08,-3.09,0.53,0.0,0.0,1.42,2.23,85.32,0.57
2024-04-25,44821412.98,0.0,751066.99,1.7,6052238.56,15.61,-10137288.67,-18.42,0.89,-10.5,-12404165.39,-22.33,18.34,60.09,-7376866.26,-13.92,-9062508.31,-16.99,17908601.37,105.85,0.24,0.32,-0.07,-0.06,-0.06,-0.08,-2.8,1.69,0.0,0.0,1.48,2.32,88.41,0.57
2024-04-26,47991323.93,0.0,3169910.95,7.07,9222149.51,23.79,-6967377.72,-12.65,0.95,-4.71,-9234254.44,-16.84,20.12,60.16,-3372786.11,-6.25,-6276874.46,-11.82,21166161.65,121.46,0.27,0.36,-0.07,-0.06,-0.06,-0.08,-1.22,7.06,0.0,0.0,1.6,2.53,95.96,0.58
2024-04-29,48790775.96,0.0,799452.03,1.67,799452.03,1.67,-6167925.69,-11.19,0.97,-3.42,-8434802.41,-15.45,20.53,60.14,-1743933.73,-3.03,-8265201.8,-15.15,21397074.39,118.31,0.27,0.36,-0.07,-0.06,-0.06,-0.08,-0.88,1.65,0.0,0.0,1.57,2.49,94.5,0.57
2024-04-30,45196310.02,0.0,-3594465.94,-7.37,-2795013.91,-5.82,-9762391.63,-17.73,0.9,-10.15,-12029268.35,-21.68,18.63,60.23,-5948485.56,-11.31,-7433133.08,-14.1,18179229.34,106.39,0.24,0.32,-0.08,-0.06,-0.06,-0.08,-2.69,-7.38,-7.38,0.01,1.47,2.29,89.14,0.58
2024-05-01,43019728.33,0.0,-2176581.69,-4.82,-4971595.6,-10.36,-2176581.69,-4.82,0.86,-14.33,-14205850.04,-25.45,17.38,60.25,-8464782.4,-16.17,-12730628.7,-23.26,16210644.36,98.69,0.22,0.29,-0.08,-0.06,-0.06,-0.08,-3.87,-4.83,-4.83,0.0,1.4,2.18,85.45,0.58
2024-05-02,45778321.47,0.0,2758593.14,6.41,-2213002.46,-4.61,582011.45,1.28,0.92,-8.49,-11447256.9,-20.67,19.0,60.3,-7779949.47,-14.45,-10503478.73,-19.2,18068757.91,101.41,0.25,0.33,-0.08,-0.06,-0.06,-0.08,-2.23,6.4,0.0,0.0,1.42,2.22,86.89,0.58
2024-05-03,49014161.75,0.0,3235840.28,7.07,1022837.82,2.13,3817851.73,8.44,0.99,-1.5,-8211416.62,-15.06,20.77,60.37,-5977351.9,-10.93,-7250957.43,-13.46,21143320.43,113.82,0.28,0.37,-0.08,-0.06,-0.06,-0.08,-0.38,7.05,0.0,0.0,1.52,2.38,93.11,0.59
2024-05-06,51602904.77,0.0,2588743.02,5.28,2588743.02,5.28,6406594.75,14.17,1.04,4.23,-5622673.6,-10.57,22.1,60.4,-3144308.92,-5.78,-6945889.98,-12.77,24148626.68,130.11,0.3,0.4,-0.08,-0.06,-0.06,-0.08,1.06,5.27,0.0,0.0,1.64,2.59,100.56,0.59
2024-05-07,50913451.3,0.0,-689453.47,-1.34,1899289.55,3.87,5717141.28,12.64,1.03,2.61,-6312127.07,-11.76,21.73,60.37,-3588096.64,-6.6,-9724012.02,-17.17,23428436.64,126.67,0.29,0.39,-0.08,-0.06,-0.06,-0.08,0.66,-1.35,-1.35,0.0,1.62,2.54,99.06,0.59
2024-05-08,50852289.4,0.0,-61161.9,-0.12,1838127.65,3.75,5655979.38,12.5,1.03,2.88,-6373288.97,-11.87,21.68,60.34,-3135975.11,-5.83,-8932671.03,-15.98,23703813.45,130.52,0.29,0.39,-0.08,-0.06,-0.06,-0.08,0.72,-0.14,-0.14,0.0,1.64,2.59,100.73,0.59
2024-05-09,51220944.6,0.0,368655.2,0.72,2206782.85,4.5,6024634.58,13.32,1.04,3.75,-6004633.77,-11.23,21.84,60.31,-3371694.42,-6.2,-6004633.77,-11.23,23468937.15,124.84,0.3,0.39,-0.08,-0.06,-0.06,-0.08,0.94,0.71,0.0,0.0,1.6,2.52,98.18,0.59
2024-05-10,52543608.39,0.0,1322663.79,2.58,3529446.64,7.2,7347298.37,16.25,1.07,6.69,-4681969.98,-8.94,22.47,60.3,-2415093.26,-4.42,-4665473.11,-8.91,23987977.12,121.31,0.31,0.41,-0.08,-0.06,-0.06,-0.08,1.65,2.57,0.0,0.0,1.58,2.48,96.55,0.59
2024-05-13,52296564.3,0.0,-247044.09,-0.47,-247044.09,-0.47,7100254.28,15.7,1.06,6.5,-4929014.07,-9.37,22.33,60.27,-2397432.86,-4.41,1733835.65,3.87,23969308.28,122.83,0.3,0.4,-0.08,-0.05,-0.06,-0.08,1.6,-0.49,-0.49,0.0,1.59,2.5,97.23,0.59
2024-05-14,53525312.37,0.0,1228748.07,2.35,981703.98,1.87,8329002.35,18.42,1.08,8.49,-3700266.0,-7.24,22.9,60.25,-155139.36,-0.32,2926646.63,6.22,25455089.44,131.09,0.31,0.42,-0.08,-0.05,-0.06,-0.08,2.08,2.33,0.0,0.0,1.65,2.6,100.89,0.59
2024-05-15,56275436.01,0.0,2750123.64,5.14,3731827.62,7.1,11079125.99,24.5,1.14,13.55,-950142.36,-2.47,24.18,60.27,1876944.27,3.41,4368456.14,8.57,29274378.83,157.14,0.33,0.45,-0.08,-0.05,-0.06,-0.08,3.26,5.12,0.0,0.0,1.84,2.92,111.54,0.59
2024-05-16,55642288.68,0.0,-633147.33,-1.13,3098680.29,5.9,10445978.66,23.1,1.13,12.72,-1583289.69,-3.57,23.87,60.24,4415145.73,8.58,4261369.38,8.56,29242955.63,162.87,0.33,0.44,-0.08,-0.05,-0.06,-0.08,3.06,-1.14,-1.14,0.0,1.88,2.99,113.69,0.58
2024-05-17,55873360.05,0.0,231071.37,0.42,3329751.66,6.34,10677050.03,23.61,1.13,13.47,-1352218.32,-3.17,23.95,60.21,2617388.81,4.87,4228316.16,8.39,28377402.81,148.56,0.33,0.44,-0.08,-0.05,-0.06,-0.08,3.23,0.4,0.0,0.0,1.79,2.83,107.92,0.58
2024-05-20,56786076.64,0.0,912716.59,1.63,912716.59,1.63,11589766.62,25.63,1.15,14.85,-439501.73,-1.59,24.34,60.19,3375966.88,6.28,5507150.97,11.03,27673593.59,132.65,0.34,0.45,-0.08,-0.05,-0.06,-0.08,3.54,1.62,0.0,0.0,1.68,2.64,100.96,0.58
2024-05-21,56310215.06,60.25,-475921.83,-0.84,436794.76,0.78,11113844.79,24.58,1.14,14.04,-915423.56,-2.41,24.1,60.16,2722310.01,5.04,5269097.66,10.66,27200975.95,130.74,0.33,0.44,-0.08,-0.05,-0.06,-0.08,3.36,-0.85,-0.85,0.0,1.67,2.62,100.14,0.58
2024-05-22,55307206.07,0.0,-1003008.99,-1.78,-566214.23,-1.02,10110835.8,22.36,1.12,11.97,-1918432.55,-4.15,23.63,60.14,4285304.32,8.36,4292369.83,8.75,25630167.5,120.5,0.33,0.43,-0.08,-0.05,-0.06,-0.08,2.88,-1.8,-1.8,0.0,1.59,2.49,95.58,0.58
2024-05-23,54702574.68,0.0,-604631.39,-1.09,-1170845.62,-2.1,9506204.41,21.02,1.11,10.78,-2523063.94,-5.2,23.33,60.11,617113.66,1.11,4636631.77,9.83,25428228.61,122.36,0.32,0.43,-0.08,-0.05,-0.06,-0.08,2.6,-1.11,-1.11,0.0,1.61,2.51,96.41,0.58
2024-05-24,56086654.79,0.0,1384080.11,2.53,213234.49,0.38,10890284.52,24.08,1.14,13.81,-1138983.83,-2.8,23.94,60.09,6960604.98,14.14,6580206.0,14.02,25928577.66,118.61,0.33,0.44,-0.07,-0.05,-0.06,-0.08,3.29,2.51,0.0,0.0,1.58,2.47,94.65,0.57
2024-05-27,56646010.66,0.0,559355.87,1.0,559355.87,1.0,11449640.39,25.32,1.15,15.14,-579627.96,-1.83,24.17,60.07,9940363.59,21.25,6875865.65,14.49,26062380.16,116.51,0.34,0.45,-0.07,-0.05,-0.06,-0.08,3.59,0.98,0.0,0.0,1.56,2.44,93.67,0.57
2024-05-28,57578540.92,0.0,932530.26,1.65,1491886.13,2.66,12382170.65,27.38,1.17,16.89,352902.3,-0.21,24.56,60.04,11731099.47,25.56,6737695.15,13.66,26894100.92,119.07,0.34,0.46,-0.07,-0.05,-0.06,-0.08,3.98,1.63,0.0,0.0,1.58,2.47,94.86,0.57
2024-05-29,56010407.24,0.0,-1568133.68,-2.72,-76247.55,-0.14,10814036.97,23.91,1.14,13.81,-1215231.38,-2.93,23.85,60.03,13065496.1,30.4,4594903.29,9.2,25287333.44,112.73,0.33,0.44,-0.06,-0.05,-0.06,-0.08,3.28,-2.74,-2.74,0.0,1.53,2.39,91.96,0.58
2024-05-30,54746627.03,0.0,-1263780.21,-2.26,-1340027.76,-2.39,9550256.76,21.11,1.11,11.43,-2479011.59,-5.12,23.27,60.01,12681782.05,30.13,3205426.74,6.45,25285329.42,120.55,0.32,0.43,-0.06,-0.05,-0.06,-0.08,2.74,-2.27,-2.27,0.0,1.6,2.51,95.42,0.57
2024-05-31,55303668.58,0.0,557041.55,1.02,-782986.21,-1.4,10107298.31,22.34,1.12,12.13,-1921970.04,-4.15,23.5,59.98,16534433.91,42.62,4047244.16,8.19,24769314.54,111.85,0.33,0.43,-0.04,-0.05,-0.06,-0.08,2.89,1.0,0.0,0.0,1.53,2.39,91.28,0.57
2024-06-03,56386012.33,0.0,1082343.75,1.96,1082343.75,1.96,1082343.75,1.96,1.14,14.19,-839626.29,-2.27,23.96,59.96,15393779.8,37.53,5544310.0,11.31,25665062.96,114.18,0.33,0.44,-0.04,-0.05,-0.06,-0.08,3.36,1.94,0.0,0.0,1.55,2.42,92.39,0.57
2024-06-04,55100244.08,0.0,-1285768.25,-2.28,-203424.5,-0.36,-203424.5,-0.36,1.11,11.4,-2125394.54,-4.5,23.37,59.94,11269666.61,25.7,4494993.17,9.35,23549151.54,101.7,0.32,0.43,-0.04,-0.05,-0.06,-0.08,2.72,-2.3,-2.3,0.0,1.44,2.25,86.34,0.57
2024-06-05,57653609.7,0.0,2553365.62,4.63,2349941.12,4.26,2349941.12,4.26,1.16,16.14,427971.08,-0.07,24.5,59.95,13583203.46,30.81,5660764.97,11.18,25719337.34,107.58,0.34,0.46,-0.04,-0.05,-0.06,-0.08,3.79,4.62,0.0,0.0,1.49,2.33,89.3,0.57
2024-06-06,57942916.08,0.0,289306.38,0.5,2639247.5,4.78,2639247.5,4.78,1.17,16.58,717277.46,0.43,24.6,59.92,13121442.85,29.26,6125883.53,12.14,25456665.47,103.79,0.34,0.46,-0.04,-0.05,-0.06,-0.08,3.88,0.49,0.0,0.0,1.46,2.28,87.43,0.57
2024-06-07,57040146.13,0.0,-902769.95,-1.56,1736477.55,3.15,1736477.55,3.15,1.15,15.18,-185492.49,-1.13,24.19,59.9,9048761.95,18.84,6649265.98,13.71,23580498.66,92.73,0.34,0.45,-0.04,-0.05,-0.06,-0.08,3.57,-1.57,-1.57,0.0,1.36,2.13,81.78,0.57
2024-06-10,57731262.64,0.0,691116.51,1.21,691116.51,1.21,2427594.06,4.4,1.16,16.39,505624.02,0.07,24.46,59.87,8940426.43,18.31,6570583.09,13.25,24663952.81,98.19,0.34,0.46,-0.04,-0.05,-0.06,-0.08,3.83,1.2,0.0,0.0,1.41,2.2,84.57,0.57
2024-06-11,57371169.27,0.0,-360093.37,-0.62,331023.14,0.58,2067500.69,3.75,1.15,15.28,145530.65,-0.55,24.29,59.85,12174799.0,26.92,6419476.23,13.03,24303817.73,96.95,0.34,0.45,-0.03,-0.05,-0.06,-0.08,3.58,-0.64,-0.64,0.0,1.4,2.19,83.95,0.57
2024-06-12,59450600.98,0.0,2079431.71,3.62,2410454.85,4.23,4146932.4,7.51,1.19,19.17,2224962.36,3.05,25.16,59.84,16430812.4,38.19,9905873.61,20.66,26899040.51,108.49,0.35,0.47,-0.02,-0.05,-0.06,-0.08,4.43,3.61,0.0,0.0,1.5,2.35,89.68,0.57
2024-06-13,59759941.46,0.0,309340.48,0.52,2719795.33,4.77,4456272.88,8.07,1.2,19.62,2534302.84,3.59,25.26,59.81,13981559.74,30.53,9632985.8,19.79,27924133.63,116.05,0.36,0.47,-0.02,-0.05,-0.06,-0.08,4.53,0.5,0.0,0.0,1.56,2.45,93.2,0.57
